[array([ 0.        ,  1.        ,  0.95806962,  0.95257974,  0.95661372,
        0.95087498,  0.95630735,  0.95046502,  0.94778985,  0.94855177,
        0.94596207,  0.94908834,  0.94899166,  0.63735461,  0.00799678,
        0.09056112,  0.36988524,  0.94865209, -0.71929306,  0.25087464,
       -0.17058927,  0.05948111, -0.07393073,  0.01034182, -0.04555242,
        0.00789192, -0.02605886, -0.02782507]), array([1, 0, 0, 0], dtype=int32)]
[array([ 0.        ,  1.        ,  0.81418908,  0.73972762,  0.7590552 ,
        0.77133077,  0.76176822,  0.75640154,  0.75700021,  0.75747722,
        0.75725007,  0.7586149 ,  0.76497293,  0.7143715 ,  0.02759667,
        0.01764927,  0.59500563,  1.        , -1.06207252,  0.87086767,
       -0.92612797,  0.54051048, -0.44949654,  0.23067524, -0.15858723,
        0.08651661, -0.06940945,  0.06501045]), array([1, 0, 0, 0], dtype=int32)]
[array([ 0.        ,  1.        ,  0.96834302,  0.94453466,  0.94597983,
        0.9511075 ,  0.94833016,  0.93413001,  0.91977608,  0.91781074,
        0.92788482,  0.93878406,  0.93843335,  0.8605482 ,  0.01515018,
        0.02423753,  0.24637491,  0.91895801, -1.20745659,  1.06577587,
       -0.86461949,  0.63494569, -0.51645607,  0.42254081, -0.33065358,
        0.22346377, -0.18680076,  0.08046004]), array([1, 0, 0, 0], dtype=int32)]
[array([ 0.        ,  1.        ,  0.78990781,  0.74186474,  0.76500893,
        0.76522422,  0.75550359,  0.74985158,  0.74970967,  0.75509387,
        0.75487745,  0.74917102,  0.75078088,  0.32275993,  0.07036321,
        0.01301578,  0.49172521,  0.99806577, -1.05499017,  0.53524143,
       -0.38927257,  0.19710393, -0.08064124, -0.05857924, -0.03047227,
       -0.01331718, -0.00214393,  0.02407549]), array([1, 0, 0, 0], dtype=int32)]
[array([  0.00000000e+00,   1.00000000e+00,   8.97856355e-01,
         8.82941365e-01,   8.86771917e-01,   8.76129150e-01,
         8.78486633e-01,   8.78303111e-01,   8.76221359e-01,
         8.80236030e-01,   8.76183689e-01,   8.73825490e-01,
         8.72473776e-01,   5.79834998e-01,   8.90289620e-03,
         2.69068610e-02,   4.97723699e-01,   1.00000000e+00,
        -1.02429640e+00,   4.38318044e-01,  -2.64608115e-01,
         1.13544576e-01,  -8.80007073e-02,   3.38758640e-02,
        -5.23890369e-02,   4.45676083e-03,  -4.76454720e-02,
        -1.74828150e-04]), array([1, 0, 0, 0], dtype=int32)]
[array([ 0.        ,  1.        ,  0.77660763,  0.85987467,  0.82725132,
        0.83592236,  0.83320439,  0.83987463,  0.83216327,  0.84319341,
        0.83437073,  0.84026361,  0.83906966,  0.45981801,  0.06645831,
        0.07217053,  0.67549372,  0.98664123, -0.8536709 ,  0.45063972,
       -0.35050681,  0.14922407, -0.14297542,  0.01670773, -0.08113932,
       -0.05465585, -0.06784453,  0.00776462]), array([1, 0, 0, 0], dtype=int32)]
[array([ 0.        ,  1.        ,  0.74923956,  0.77589566,  0.77691275,
        0.76604825,  0.76448178,  0.76328748,  0.76955754,  0.77241552,
        0.78233826,  0.7820704 ,  0.78397053,  0.68109238,  0.02172614,
        0.02761353,  0.60126722,  1.        , -1.04310703,  0.81130075,
       -0.79081285,  0.460832  , -0.31826487,  0.14555195, -0.30861077,
        0.23051897, -0.22149959,  0.1417363 ]), array([1, 0, 0, 0], dtype=int32)]
[array([ 0.        ,  1.        ,  0.85365695,  0.85151023,  0.85758328,
        0.84326953,  0.84587663,  0.84067243,  0.83520216,  0.84504741,
        0.85286099,  0.84634513,  0.84185976,  0.51989836,  0.00342815,
        0.01901134,  0.64181858,  0.94907409, -1.2338742 ,  1.0981847 ,
       -0.89736587,  0.71515518, -0.60799587,  0.41472256, -0.64620984,
        0.47019294, -0.25614932,  0.09801782]), array([1, 0, 0, 0], dtype=int32)]
[array([ 0.        ,  0.99999988,  0.99674499,  0.99603903,  0.99287724,
        0.99153227,  0.98870516,  0.9859854 ,  0.98341912,  0.9816044 ,
        0.98047423,  0.97869754,  0.97694314,  0.64010632,  0.00133376,
        0.03602431,  0.27653578,  0.88084114, -1.04740167,  0.69500124,
       -0.42811912,  0.19702275, -0.14593168,  0.07333555, -0.03553958,
        0.02380041, -0.03026646,  0.01252336]), array([1, 0, 0, 0], dtype=int32)]
[array([  0.00000000e+00,   1.00000000e+00,   9.43319201e-01,
         9.42997456e-01,   9.39051628e-01,   9.35088277e-01,
         9.34779823e-01,   9.38238084e-01,   9.47518349e-01,
         9.48358297e-01,   9.47447300e-01,   9.45561051e-01,
         9.32442129e-01,   4.15412158e-01,   5.68704586e-03,
         1.67496592e-01,   3.74377608e-01,   6.64351881e-01,
        -4.29387659e-01,   2.48359516e-01,  -1.49669737e-01,
         8.50493312e-02,  -5.34295514e-02,   2.83074249e-02,
        -2.08104476e-02,   7.55290501e-03,  -7.58847268e-03,
        -4.55045811e-04]), array([1, 0, 0, 0], dtype=int32)]
[array([ 0.        ,  1.        ,  0.71615016,  0.81136775,  0.72884649,
        0.76667231,  0.74238837,  0.77413839,  0.75686479,  0.77934712,
        0.77777064,  0.79054743,  0.78424352,  0.5473485 ,  0.05100302,
        0.03600765,  0.580809  ,  1.        , -1.22923982,  1.09787869,
       -0.95453167,  0.75339907, -0.73892713,  0.6085344 , -0.50541234,
        0.20613377, -0.14422658,  0.01048142]), array([1, 0, 0, 0], dtype=int32)]
[array([ 0.        ,  1.        ,  0.89884496,  0.85174835,  0.83837557,
        0.8380245 ,  0.84301227,  0.84857309,  0.84938878,  0.85013348,
        0.8539421 ,  0.85836995,  0.8599202 ,  0.7842837 ,  0.01122693,
        0.04043484,  0.51664698,  1.        , -1.13561738,  0.90860492,
       -0.71632773,  0.52772093, -0.40882927,  0.0842512 , -0.02728184,
       -0.04793845, -0.07508403,  0.00430239]), array([1, 0, 0, 0], dtype=int32)]
[array([  0.00000000e+00,   1.00000000e+00,   9.74615455e-01,
         9.79138374e-01,   9.75227594e-01,   9.65539098e-01,
         9.62960541e-01,   9.53428447e-01,   9.55165207e-01,
         9.55743015e-01,   9.53424752e-01,   9.53262389e-01,
         9.51134503e-01,   5.90049922e-01,   1.22423545e-02,
         2.64322292e-02,   3.76695305e-01,   6.99808776e-01,
        -8.70840967e-01,   5.13984025e-01,  -3.47104192e-01,
         2.33770207e-01,  -1.61796495e-01,   1.04046687e-01,
        -8.15034658e-02,   4.84866314e-02,  -2.70529483e-02,
        -1.37771654e-04]), array([1, 0, 0, 0], dtype=int32)]
[array([ 0.        ,  1.        ,  0.82185036,  0.79238003,  0.81853759,
        0.81441683,  0.81090933,  0.81659979,  0.82391059,  0.82861185,
        0.82464349,  0.82419229,  0.83076417,  0.77730107,  0.02538984,
        0.0374013 ,  0.49378926,  0.83630955, -1.01701927,  0.79188699,
       -0.66155058,  0.51955098, -0.43240234,  0.3104853 , -0.35372296,
        0.295701  , -0.17645884,  0.0044801 ]), array([1, 0, 0, 0], dtype=int32)]
[array([ 0.        ,  1.        ,  0.74791783,  0.76469457,  0.77758825,
        0.76597255,  0.76428926,  0.76451093,  0.7646383 ,  0.75985861,
        0.76206803,  0.75697142,  0.75505513,  0.55959243,  0.08035714,
        0.0163574 ,  0.43047661,  0.91073585, -1.00250947,  0.57687056,
       -0.62606233,  0.57167268, -0.47804257,  0.35376295, -0.26671937,
        0.15968895, -0.10875205,  0.03559202]), array([1, 0, 0, 0], dtype=int32)]
[array([ 0.        ,  1.        ,  0.87144542,  0.82519883,  0.80937725,
        0.79948139,  0.80838841,  0.8131488 ,  0.80738866,  0.80184931,
        0.79963964,  0.79839116,  0.79847735,  0.75833124,  0.02150785,
        0.01163461,  0.16382313,  1.        , -1.3628552 ,  1.23868883,
       -1.01965821,  0.79790425, -0.60331792,  0.41431749, -0.29019332,
        0.18329489, -0.11136486,  0.03292654]), array([1, 0, 0, 0], dtype=int32)]
[array([ 0.        ,  1.        ,  0.95806962,  0.95257974,  0.95661372,
        0.95087498,  0.95630735,  0.95046502,  0.94778985,  0.94855177,
        0.94596207,  0.94908834,  0.94899166,  0.63735461,  0.00799678,
        0.09056112,  0.36988524,  0.94865209, -0.71929306,  0.25087464,
       -0.17058927,  0.05948111, -0.07393073,  0.01034182, -0.04555242,
        0.00789192, -0.02605886, -0.02782507]), array([1, 0, 0, 0], dtype=int32)]
[array([ 0.        ,  1.        ,  0.68107516,  0.72812372,  0.75176018,
        0.74547058,  0.7392422 ,  0.76516706,  0.75542665,  0.74439836,
        0.75956821,  0.76276785,  0.75466257,  0.67522699,  0.11456141,
        0.04496191,  0.70514202,  1.        , -0.85595703,  0.41681215,
       -0.35490277,  0.11910475, -0.17208435,  0.02293634, -0.01448669,
       -0.05642734, -0.03425212, -0.00857674]), array([1, 0, 0, 0], dtype=int32)]
[array([ 0.        ,  1.        ,  0.68482912,  0.66192019,  0.73142856,
        0.70742762,  0.69613302,  0.7271077 ,  0.72205037,  0.7069577 ,
        0.72183686,  0.72618335,  0.71785945,  0.59687877,  0.0977581 ,
        0.0330817 ,  0.65129632,  1.        , -0.9435218 ,  0.53859538,
       -0.45514467,  0.26056024, -0.26764441,  0.07472152, -0.08492944,
       -0.0290751 ,  0.03041243, -0.05070705]), array([1, 0, 0, 0], dtype=int32)]
[array([ 0.        ,  1.        ,  0.70536983,  0.68264198,  0.73726106,
        0.72574925,  0.72246724,  0.7435329 ,  0.73613918,  0.72545439,
        0.73799694,  0.74059063,  0.73436046,  0.5457449 ,  0.06870849,
        0.0337464 ,  0.64173657,  1.        , -0.97298008,  0.6159761 ,
       -0.51462746,  0.2852796 , -0.31699076,  0.10110167, -0.0159716 ,
       -0.06203841,  0.02558702, -0.06627572]), array([1, 0, 0, 0], dtype=int32)]
[array([ 0.        ,  1.        ,  0.83400679,  0.81545776,  0.80988938,
        0.79207897,  0.802109  ,  0.80481875,  0.79940051,  0.79512691,
        0.79290271,  0.79290265,  0.78989065,  0.88903487,  0.01683681,
        0.0121287 ,  0.29018483,  1.        , -1.4157213 ,  1.38337755,
       -1.29943836,  1.12056959, -0.96022481,  0.76025921, -0.57805586,
        0.3940275 , -0.26307529,  0.10361969]), array([1, 0, 0, 0], dtype=int32)]
[array([  0.00000000e+00,   1.00000000e+00,   8.97856355e-01,
         8.82941365e-01,   8.86771917e-01,   8.76129150e-01,
         8.78486633e-01,   8.78303111e-01,   8.76221359e-01,
         8.80236030e-01,   8.76183689e-01,   8.73825490e-01,
         8.72473776e-01,   5.79834998e-01,   8.90289620e-03,
         2.69068610e-02,   4.97723699e-01,   1.00000000e+00,
        -1.02429640e+00,   4.38318044e-01,  -2.64608115e-01,
         1.13544576e-01,  -8.80007073e-02,   3.38758640e-02,
        -5.23890369e-02,   4.45676083e-03,  -4.76454720e-02,
        -1.74828150e-04]), array([1, 0, 0, 0], dtype=int32)]
[array([ 0.        ,  0.99999994,  0.86127508,  0.93954557,  0.87738854,
        0.90452921,  0.88066781,  0.89408028,  0.89061397,  0.90516174,
        0.88786989,  0.89390385,  0.89063448,  0.36079767,  0.04632682,
        0.06808116,  0.64598972,  0.83333331, -0.89355612,  0.47304037,
       -0.32346126,  0.10886429, -0.09066397,  0.01240868, -0.02165873,
        0.00273962, -0.03579065, -0.01288125]), array([1, 0, 0, 0], dtype=int32)]
[array([ 0.        ,  1.        ,  0.79584652,  0.72220361,  0.74593133,
        0.75198269,  0.73805064,  0.74183655,  0.74802774,  0.74252385,
        0.74406153,  0.75083345,  0.74995691,  0.73918837,  0.0652751 ,
        0.02345132,  0.60201293,  0.99037302, -1.07422876,  0.72261167,
       -0.6292693 ,  0.43158323, -0.39413917,  0.20422682, -0.22957544,
        0.08204668,  0.00448536, -0.00865528]), array([1, 0, 0, 0], dtype=int32)]
[array([ 0.        ,  1.        ,  0.65345109,  0.63879168,  0.70480365,
        0.68490458,  0.68620569,  0.70262587,  0.69115245,  0.68730712,
        0.7009266 ,  0.70405817,  0.69779193,  0.62584895,  0.15277393,
        0.0350955 ,  0.70353717,  1.        , -0.87379616,  0.44565767,
       -0.41219586,  0.14121687, -0.06361238, -0.07833341, -0.05431032,
        0.03894036, -0.11913659,  0.03656317]), array([1, 0, 0, 0], dtype=int32)]
[array([ 0.        ,  1.        ,  0.89267677,  0.95269525,  0.91616255,
        0.91110438,  0.9080267 ,  0.91214836,  0.90563077,  0.89028448,
        0.89292878,  0.89033335,  0.89541531,  0.56309056,  0.01556273,
        0.05484633,  0.6223135 ,  0.8680203 , -0.90796882,  0.57671875,
       -0.60110301,  0.26985076, -0.08211737,  0.02041203, -0.15197791,
        0.085232  ,  0.00266183,  0.01567349]), array([1, 0, 0, 0], dtype=int32)]
[array([ 0.        ,  1.        ,  0.84025979,  0.79755276,  0.79049635,
        0.77827203,  0.78628433,  0.79211497,  0.78904623,  0.7882542 ,
        0.78655022,  0.78043538,  0.77381688,  0.6237011 ,  0.01927264,
        0.00968647,  0.29992402,  1.        , -1.3299067 ,  1.16592717,
       -0.98444891,  0.7811293 , -0.57076162,  0.34185329, -0.24007341,
        0.14402777, -0.13218275,  0.05186125]), array([1, 0, 0, 0], dtype=int32)]
[array([ 0.        ,  1.        ,  0.83445841,  0.81083715,  0.80877256,
        0.79425508,  0.80309117,  0.80555189,  0.80048823,  0.79707825,
        0.79472977,  0.79366046,  0.78930569,  0.93952066,  0.01311601,
        0.01177319,  0.3074674 ,  0.99809158, -1.42808533,  1.4237771 ,
       -1.34463882,  1.12455761, -0.92016482,  0.71145958, -0.52428323,
        0.34874409, -0.24135754,  0.09020774]), array([1, 0, 0, 0], dtype=int32)]
[array([ 0.        ,  1.        ,  0.86307693,  0.82922262,  0.81683177,
        0.80184734,  0.80915803,  0.8144297 ,  0.81145078,  0.80692357,
        0.80336219,  0.79853618,  0.78980249,  0.76810414,  0.01039819,
        0.01088382,  0.28871828,  0.98750001, -1.34349573,  1.24745667,
       -1.0855428 ,  0.88827622, -0.70880693,  0.50185156, -0.39187872,
        0.28725091, -0.22960761,  0.09558974]), array([1, 0, 0, 0], dtype=int32)]
[array([ 0.        ,  1.        ,  0.79253399,  0.83098012,  0.82620007,
        0.84493768,  0.84225351,  0.83986467,  0.8332839 ,  0.84093428,
        0.85250241,  0.8584854 ,  0.85749555,  0.56411624,  0.17944443,
        0.05419837,  0.63401389,  1.        , -1.09572947,  0.77959388,
       -0.61179227,  0.37347752, -0.27951363,  0.18467918, -0.14983049,
        0.0844418 , -0.15799621,  0.00807138]), array([1, 0, 0, 0], dtype=int32)]
[array([ 0.        ,  1.        ,  0.84522069,  0.80086535,  0.77975714,
        0.79328531,  0.80096716,  0.80139148,  0.8013671 ,  0.79611659,
        0.80455804,  0.80496973,  0.80466294,  0.56521189,  0.03883324,
        0.03363069,  0.59979099,  0.99338841, -0.9843064 ,  0.63349694,
       -0.54758692,  0.23083623, -0.13537946,  0.01544595, -0.03876022,
        0.04945426, -0.03264569, -0.09886002]), array([1, 0, 0, 0], dtype=int32)]
[array([ 0.        ,  1.        ,  0.94556254,  0.91157866,  0.87709856,
        0.8842321 ,  0.86703783,  0.86005443,  0.84925812,  0.85016155,
        0.84762418,  0.84853554,  0.84419459,  0.6923309 ,  0.21029732,
        0.02208536,  0.32736084,  1.        , -1.28162229,  0.97880644,
       -0.95329171,  0.78761113, -0.60038054,  0.46329319, -0.31094959,
        0.18450364, -0.12541895,  0.04130391]), array([1, 0, 0, 0], dtype=int32)]
[array([ 0.        ,  0.99999994,  0.99875903,  0.94337183,  0.97495663,
        0.96660596,  0.96507663,  0.95193166,  0.94044626,  0.96455717,
        0.95462918,  0.94881874,  0.94826448,  0.64374065,  0.02913562,
        0.21455404,  0.58060092,  0.88996136, -0.80675828,  0.29293895,
       -0.20727937,  0.06090103, -0.07161392,  0.00829513, -0.05360365,
        0.00946598, -0.0294265 , -0.0256738 ]), array([1, 0, 0, 0], dtype=int32)]
[array([ 0.        ,  1.        ,  0.86556888,  0.86821342,  0.88546813,
        0.92926073,  0.90730613,  0.88469994,  0.86589688,  0.86573744,
        0.86933517,  0.86991525,  0.86905545,  0.77895015,  0.16563091,
        0.10800924,  0.49763906,  1.        , -1.21704364,  0.90028495,
       -0.70239556,  0.4623968 , -0.31333113,  0.17730434, -0.17025976,
        0.08522938, -0.07087571, -0.01446463]), array([1, 0, 0, 0], dtype=int32)]
[array([ 0.        ,  1.00000012,  0.78565896,  0.885728  ,  0.89587039,
        0.89297718,  0.89414036,  0.9015196 ,  0.88047588,  0.90374625,
        0.90125042,  0.90080899,  0.91208315,  0.85667074,  0.03259644,
        0.06639291,  0.68463087,  0.89752066, -1.14360809,  0.96845049,
       -0.79713702,  0.62014425, -0.48269311,  0.35310754, -0.24570252,
        0.12686911, -0.03999291, -0.07518689]), array([1, 0, 0, 0], dtype=int32)]
[array([ 0.        ,  1.        ,  0.73694891,  0.7962727 ,  0.79380649,
        0.79826021,  0.80308765,  0.80406296,  0.81109631,  0.80345553,
        0.81138569,  0.81456989,  0.81347299,  0.63604528,  0.02005263,
        0.04669677,  0.71243459,  1.        , -1.04147673,  0.78728551,
       -0.61294121,  0.28172413, -0.19636033,  0.11833759, -0.14736448,
       -0.08993555,  0.0701219 , -0.09851808]), array([1, 0, 0, 0], dtype=int32)]
[array([ 0.        ,  0.99999994,  0.86241186,  0.86075473,  0.8902539 ,
        0.89548278,  0.89785153,  0.90265369,  0.90998876,  0.91496968,
        0.92097437,  0.93133485,  0.94091296,  0.57227951,  0.00844055,
        0.03189324,  0.44964018,  0.92025864, -1.26378787,  1.17846   ,
       -1.05271304,  0.88945377, -0.7372061 ,  0.58764285, -0.45898205,
        0.3138991 , -0.18176657,  0.05871644]), array([1, 0, 0, 0], dtype=int32)]
[array([ 0.        ,  1.        ,  0.82126975,  0.82727325,  0.82486606,
        0.82341576,  0.81519252,  0.81523085,  0.8142457 ,  0.80978435,
        0.80900979,  0.80693531,  0.80826074,  0.82732624,  0.0746146 ,
        0.0170975 ,  0.27397931,  0.94500726, -1.25717676,  1.12650871,
       -0.93812633,  0.74833339, -0.62125033,  0.47220188, -0.3655442 ,
        0.24153212, -0.16989237,  0.02985663]), array([1, 0, 0, 0], dtype=int32)]
[array([ 0.        ,  0.99999994,  0.89475477,  0.96220773,  0.94024557,
        0.92219824,  0.92213088,  0.95714372,  0.94196576,  0.94042039,
        0.95968646,  0.96056235,  0.97509301,  0.85244143,  0.01855459,
        0.12133446,  0.51710314,  0.99221182, -1.16117764,  0.72783124,
       -0.47150862,  0.25663424, -0.14086403,  0.09375179, -0.17296654,
       -0.00190459,  0.06512197, -0.05065596]), array([1, 0, 0, 0], dtype=int32)]
[array([ 0.        ,  1.00000012,  0.88888568,  0.90465164,  0.88120699,
        0.85062444,  0.83353764,  0.87173176,  0.85496849,  0.86184216,
        0.85014826,  0.81314594,  0.85253519,  0.81030709,  0.06867176,
        0.03389298,  0.45192099,  0.99758452, -1.04847693,  0.64094257,
       -0.57911819,  0.35911641, -0.30061701,  0.14595482, -0.14375791,
        0.16805908, -0.14129634,  0.06185557]), array([1, 0, 0, 0], dtype=int32)]
[array([  0.00000000e+00,   1.00000000e+00,   9.78355646e-01,
         9.49224412e-01,   9.19570267e-01,   8.94778252e-01,
         8.77767026e-01,   8.69325876e-01,   8.68769050e-01,
         8.74420226e-01,   8.83971810e-01,   8.94857705e-01,
         9.04649436e-01,   7.56735742e-01,   8.45644216e-04,
         1.51894595e-02,   4.49064523e-01,   9.91879344e-01,
        -1.27562141e+00,   1.13868260e+00,  -8.57168615e-01,
         3.62699151e-01,  -4.86887276e-01,   5.91958046e-01,
        -5.71496904e-01,   4.54516798e-01,  -2.31379852e-01,
         8.21422637e-02]), array([1, 0, 0, 0], dtype=int32)]
[array([ 0.        ,  1.00000012,  0.84474325,  0.80641913,  0.80444103,
        0.83521563,  0.83053792,  0.82861847,  0.81885886,  0.82748324,
        0.83649629,  0.83615959,  0.82406133,  0.78816754,  0.0163138 ,
        0.02544431,  0.65081179,  1.        , -1.04184949,  0.60099262,
       -0.82157087,  0.66615325, -0.45223948,  0.1488771 ,  0.0060931 ,
       -0.00587189,  0.03147797, -0.04407946]), array([1, 0, 0, 0], dtype=int32)]
[array([ 0.        ,  1.        ,  0.87760866,  0.94291681,  0.9253878 ,
        0.89211863,  0.89805424,  0.92992491,  0.92619324,  0.92643589,
        0.93774462,  0.95384163,  0.95811379,  0.79482502,  0.02047407,
        0.11217305,  0.45477548,  0.99843508, -1.13055754,  0.6985966 ,
       -0.52598387,  0.32093269, -0.29385117,  0.23864028, -0.15882273,
        0.0516033 , -0.01546096, -0.05237484]), array([1, 0, 0, 0], dtype=int32)]
[array([ 0.        ,  1.00000012,  0.89440846,  0.95135897,  0.92443347,
        0.91413349,  0.92033553,  0.95341116,  0.93822098,  0.94129044,
        0.9390465 ,  0.95470089,  0.96820092,  0.70595759,  0.0173764 ,
        0.12766612,  0.5447197 ,  0.98909658, -1.08461046,  0.6898278 ,
       -0.49027529,  0.18737218, -0.06761833,  0.01236922, -0.17116138,
        0.00583353,  0.01944332,  0.01674193]), array([1, 0, 0, 0], dtype=int32)]
[array([ 0.        ,  1.        ,  0.90988988,  0.89607358,  0.89250714,
        0.90807712,  0.91727352,  0.90640086,  0.91084957,  0.91282696,
        0.90862089,  0.9192552 ,  0.92935121,  0.46180937,  0.00237214,
        0.03833965,  0.54311019,  0.99877602, -1.24262905,  1.09858131,
       -0.99852711,  0.7974624 , -0.64573866,  0.46967733, -0.34504041,
        0.2137976 , -0.12622139,  0.02927306]), array([1, 0, 0, 0], dtype=int32)]
[array([ 0.        ,  1.00000012,  0.70277816,  0.73313773,  0.81642175,
        0.76648182,  0.74452126,  0.77149832,  0.76663113,  0.76247066,
        0.77696961,  0.77634853,  0.76807088,  0.71917152,  0.05992348,
        0.13318607,  0.52281827,  0.79260451, -0.98515433,  0.86584347,
       -0.74537975,  0.53312033, -0.39301404,  0.22508436, -0.17367673,
        0.07301532, -0.02056379, -0.06298235]), array([1, 0, 0, 0], dtype=int32)]
[array([ 0.        ,  1.        ,  0.87857527,  0.93051809,  0.92367715,
        0.90394109,  0.89511245,  0.92019898,  0.92202187,  0.91542673,
        0.92742139,  0.94395947,  0.94340891,  0.72711354,  0.01374054,
        0.09389115,  0.53564066,  0.99529779, -1.16061187,  0.7949428 ,
       -0.5719558 ,  0.36488143, -0.24171737,  0.17890552, -0.28512576,
        0.03484733,  0.04078021, -0.02226544]), array([1, 0, 0, 0], dtype=int32)]
[array([ 0.        ,  1.        ,  0.887954  ,  0.95987123,  0.92788255,
        0.91738129,  0.92175996,  0.95145249,  0.94682854,  0.93883318,
        0.94469762,  0.96197224,  0.97333831,  0.66545492,  0.01767988,
        0.13011548,  0.5089218 ,  1.        , -1.07823956,  0.62169725,
       -0.44773218,  0.23149328, -0.14562809,  0.08970005, -0.12131235,
       -0.02160159,  0.01701066, -0.03228129]), array([1, 0, 0, 0], dtype=int32)]
[array([ 0.        ,  1.        ,  0.8730334 ,  0.90138209,  0.84992999,
        0.86132693,  0.83000886,  0.85026771,  0.86274874,  0.86478329,
        0.86093372,  0.84476143,  0.79326314,  0.50195789,  0.08626615,
        0.02990349,  0.36849102,  0.99758452, -1.20590687,  0.89080822,
       -0.79899192,  0.62613839, -0.49686801,  0.33473298, -0.21799716,
        0.12215668, -0.08509539,  0.02665303]), array([1, 0, 0, 0], dtype=int32)]
[array([ 0.        ,  1.        ,  0.86859667,  0.93486232,  0.85502303,
        0.87572879,  0.84573692,  0.86757725,  0.86581093,  0.85015708,
        0.87373585,  0.8487289 ,  0.85487545,  0.76698095,  0.01320534,
        0.07363961,  0.4714205 ,  0.94339621, -1.04747105,  0.75707942,
       -0.70884436,  0.49199891, -0.46377683,  0.33772346, -0.19148505,
        0.09954949, -0.11428704,  0.0426597 ]), array([1, 0, 0, 0], dtype=int32)]
[array([ 0.        ,  1.        ,  0.91345942,  0.93956554,  0.95400244,
        0.95623112,  0.94670069,  0.95520991,  0.95781893,  0.9722681 ,
        0.9703204 ,  0.96750283,  0.97121191,  0.78972262,  0.02257173,
        0.05156714,  0.34133953,  0.67223382, -0.88854033,  0.63957417,
       -0.43218526,  0.28375879, -0.18489274,  0.11558449, -0.07962341,
        0.04706812, -0.02429361,  0.00352376]), array([1, 0, 0, 0], dtype=int32)]
[array([ 0.        ,  1.        ,  0.89042312,  0.87835068,  0.8814097 ,
        0.87766349,  0.87222242,  0.87773484,  0.87090886,  0.86650127,
        0.8746379 ,  0.87062526,  0.86589503,  0.77333945,  0.00544157,
        0.0178104 ,  0.33955529,  1.        , -1.11427104,  0.72401631,
       -0.50842935,  0.3373495 , -0.28817442,  0.20469838, -0.21472144,
        0.1843321 , -0.17497963,  0.01814521]), array([1, 0, 0, 0], dtype=int32)]
[array([ 0.        ,  1.        ,  0.90454239,  0.89382088,  0.89757103,
        0.9080112 ,  0.91517377,  0.91068202,  0.91657466,  0.91114539,
        0.90899324,  0.93048424,  0.93488055,  0.80499923,  0.00316333,
        0.04113705,  0.42889267,  0.99735796, -1.30455971,  1.20631039,
       -1.08792782,  0.89161992, -0.7339341 ,  0.56198192, -0.41970941,
        0.2714363 , -0.15405037,  0.04683523]), array([1, 0, 0, 0], dtype=int32)]
[array([ 0.        ,  1.        ,  0.88656545,  0.96285266,  0.92675138,
        0.91485125,  0.92502022,  0.94840866,  0.94991106,  0.94015992,
        0.94558573,  0.96149212,  0.9681713 ,  0.71245539,  0.01819288,
        0.12841873,  0.5053072 ,  0.99532712, -1.10594809,  0.64321631,
       -0.42386815,  0.19477822, -0.115377  ,  0.06915341, -0.09490371,
       -0.0305797 ,  0.0814475 , -0.10314516]), array([1, 0, 0, 0], dtype=int32)]
[array([ 0.        ,  1.        ,  0.91386825,  0.89778227,  0.8520838 ,
        0.83349729,  0.86433583,  0.86311281,  0.8445031 ,  0.83624959,
        0.79533696,  0.87678891,  0.87311536,  0.61159021,  0.0913918 ,
        0.0445458 ,  0.53295428,  0.99879229, -1.1098007 ,  0.64851755,
       -0.4896794 ,  0.17495543, -0.2043989 ,  0.23796119, -0.22731704,
        0.1683588 , -0.1234939 ,  0.06326008]), array([1, 0, 0, 0], dtype=int32)]
[array([ 0.        ,  1.        ,  0.94556254,  0.91157866,  0.87709856,
        0.8842321 ,  0.86703783,  0.86005443,  0.84925812,  0.85016155,
        0.84762418,  0.84853554,  0.84419459,  0.6923309 ,  0.21029732,
        0.02208536,  0.32736084,  1.        , -1.28162229,  0.97880644,
       -0.95329171,  0.78761113, -0.60038054,  0.46329319, -0.31094959,
        0.18450364, -0.12541895,  0.04130391]), array([1, 0, 0, 0], dtype=int32)]
[array([ 0.        ,  1.        ,  0.86556888,  0.86821342,  0.88546813,
        0.92926073,  0.90730613,  0.88469994,  0.86589688,  0.86573744,
        0.86933517,  0.86991525,  0.86905545,  0.77895015,  0.16563091,
        0.10800924,  0.49763906,  1.        , -1.21704364,  0.90028495,
       -0.70239556,  0.4623968 , -0.31333113,  0.17730434, -0.17025976,
        0.08522938, -0.07087571, -0.01446463]), array([1, 0, 0, 0], dtype=int32)]
[array([ 0.        ,  0.98180526,  0.90329033,  1.        ,  0.96165472,
        0.96062309,  0.962322  ,  0.98926008,  0.98819816,  0.97552937,
        0.96363604,  0.97519451,  0.9919765 ,  0.60723376,  0.02077333,
        0.15365341,  0.7437185 ,  1.        , -1.10941041,  0.86552131,
       -0.63546771,  0.41997913, -0.27202222,  0.08899402, -0.18657936,
        0.01781114,  0.08967749, -0.1447496 ]), array([1, 0, 0, 0], dtype=int32)]
[array([ 0.        ,  0.99999994,  0.83544272,  0.79757297,  0.80731958,
        0.80784369,  0.7916593 ,  0.79182512,  0.79497093,  0.80017555,
        0.80641931,  0.79839009,  0.79690391,  0.74373466,  0.00767604,
        0.01205093,  0.25292775,  1.        , -1.38982487,  1.36433339,
       -1.24882507,  1.06978548, -0.89838916,  0.69886881, -0.52716535,
        0.34401703, -0.19447252,  0.03877342]), array([1, 0, 0, 0], dtype=int32)]
[array([ 0.        ,  0.8737433 ,  0.90889561,  0.95531654,  0.96830976,
        0.97676939,  0.93736142,  0.90982676,  0.9490791 ,  0.99999994,
        0.95869863,  0.8946867 ,  0.9492349 ,  0.6271441 ,  0.00755852,
        0.09306128,  0.37227553,  0.94354838, -1.30973208,  1.27171683,
       -1.17722046,  1.00223804, -0.81919932,  0.63198197, -0.46431801,
        0.30667973, -0.1760969 ,  0.06378254]), array([1, 0, 0, 0], dtype=int32)]
[array([ 0.        ,  0.87608671,  0.90090948,  0.9516595 ,  0.94262749,
        0.97200191,  0.96148187,  0.93140227,  0.90337259,  0.95245683,
        1.        ,  0.96081716,  0.88919127,  0.50772947,  0.00182265,
        0.08572843,  0.41120377,  0.95263869, -1.41374302,  1.51340675,
       -1.44626677,  1.28951633, -1.09417903,  0.87830722, -0.66028529,
        0.44735768, -0.25550562,  0.0959852 ]), array([1, 0, 0, 0], dtype=int32)]
[array([ 0.        ,  0.88844091,  0.87617135,  0.93502712,  0.92916203,
        0.9696123 ,  0.96400332,  0.96543616,  0.89647549,  0.9021135 ,
        0.95249516,  0.99999994,  0.96912742,  0.64514679,  0.0019188 ,
        0.07542633,  0.4237453 ,  0.95436239, -1.42922902,  1.54943311,
       -1.49751484,  1.34556687, -1.1483742 ,  0.92616999, -0.69887727,
        0.47442237, -0.270569  ,  0.10134655]), array([1, 0, 0, 0], dtype=int32)]
[array([ 0.        ,  0.88446522,  0.90943468,  0.96090424,  0.96444333,
        0.98348492,  0.96201456,  0.93217736,  0.93260199,  0.99181902,
        0.99999994,  0.94503987,  0.89539689,  0.63309318,  0.00234033,
        0.08883688,  0.40685225,  0.94878703, -1.36817467,  1.41764593,
       -1.322685  ,  1.15549541, -0.96869594,  0.77221471, -0.58374918,
        0.40056801, -0.23284841,  0.08862792]), array([1, 0, 0, 0], dtype=int32)]
[array([ 0.        ,  0.88152999,  0.88384867,  0.9354704 ,  0.93688154,
        0.9707585 ,  0.95756572,  0.95018584,  0.89761603,  0.92057741,
        0.95951194,  1.        ,  0.94103104,  0.77878857,  0.00184271,
        0.08060507,  0.40957338,  0.94772118, -1.31403649,  1.30396152,
       -1.1854136 ,  1.02462161, -0.85802037,  0.68932688, -0.53117001,
        0.37385622, -0.22398303,  0.08804842]), array([1, 0, 0, 0], dtype=int32)]
[array([ 0.        ,  0.88876724,  0.87218213,  0.94292194,  0.9250468 ,
        0.95464253,  0.96309698,  0.97605485,  0.96481568,  0.89163262,
        0.90841037,  0.93968761,  1.        ,  0.77083731,  0.00189357,
        0.06712248,  0.48132312,  0.95675677, -1.38468897,  1.44522882,
       -1.35959709,  1.20154548, -1.01695573,  0.81855994, -0.62169009,
        0.4275254 , -0.24882947,  0.09509429]), array([1, 0, 0, 0], dtype=int32)]
[array([ 0.        ,  0.88528061,  0.91774464,  0.95944351,  0.97401989,
        0.98825502,  0.97005272,  0.91963542,  0.93796265,  0.99999994,
        0.99890649,  0.92381036,  0.92260897,  0.59309089,  0.00275265,
        0.09086868,  0.4027783 ,  0.9371658 , -1.32318568,  1.33589935,
       -1.22771883,  1.06420696, -0.88909644,  0.70828354, -0.53619033,
        0.3682608 , -0.21627779,  0.08265513]), array([1, 0, 0, 0], dtype=int32)]
[array([ 0.        ,  0.89731532,  0.87862802,  0.93964022,  0.92693537,
        0.96765846,  0.96652448,  0.96040249,  0.92400277,  0.90186238,
        0.92060149,  0.9876731 ,  1.00000012,  0.64542878,  0.00185903,
        0.07177539,  0.42040825,  0.94533336, -1.33630228,  1.35684419,
       -1.25150859,  1.09084797, -0.91662818,  0.73621362, -0.56050891,
        0.38852775, -0.22962873,  0.08903413]), array([1, 0, 0, 0], dtype=int32)]
[array([ 0.        ,  0.88292933,  0.91866231,  0.95861661,  0.97509587,
        0.96514916,  0.93107986,  0.91958028,  0.98441225,  0.98880726,
        0.91750526,  0.91554713,  1.        ,  0.55234414,  0.00326264,
        0.10753953,  0.34287706,  0.93582886, -1.34326649,  1.38003862,
       -1.28296328,  1.11797142, -0.93659949,  0.74448425, -0.55967695,
        0.37954062, -0.21915308,  0.08190941]), array([1, 0, 0, 0], dtype=int32)]
[array([ 0.        ,  0.88545597,  0.92152107,  0.96424204,  0.97560573,
        0.95846981,  0.9175818 ,  0.92805022,  0.99516344,  0.96397656,
        0.89263386,  0.95352268,  1.        ,  0.68002456,  0.00222984,
        0.11145302,  0.33362943,  0.94565219, -1.34429049,  1.37374556,
       -1.27858615,  1.12239003, -0.94827908,  0.76248443, -0.57892054,
        0.39841017, -0.23323588,  0.08921178]), array([1, 0, 0, 0], dtype=int32)]
[array([ 0.        ,  0.88920945,  0.86959726,  0.92235786,  0.91400778,
        0.9590193 ,  0.96298683,  0.95709425,  0.93251014,  0.88788587,
        0.89955169,  0.94888014,  1.00000012,  0.62767643,  0.00172416,
        0.07008521,  0.47155389,  0.95540541, -1.38129878,  1.43762553,
       -1.34573197,  1.18243051, -0.99644583,  0.79926294, -0.6043548 ,
        0.41454551, -0.24119185,  0.09216411]), array([1, 0, 0, 0], dtype=int32)]
[array([ 0.        ,  0.89346445,  0.89052886,  0.94481331,  0.95510739,
        0.98981935,  0.97536302,  0.94224268,  0.89762008,  0.93915176,
        0.99636263,  1.        ,  0.90863311,  0.65538919,  0.00249783,
        0.0798177 ,  0.41738391,  0.95380437, -1.37061656,  1.41393316,
       -1.31387269,  1.14576602, -0.95912278,  0.75621396, -0.56946558,
        0.38992974, -0.22642471,  0.08530408]), array([1, 0, 0, 0], dtype=int32)]
[array([ 0.        ,  0.8754437 ,  0.90232325,  0.95547938,  0.97167599,
        0.96857625,  0.9276768 ,  0.91763449,  0.95620811,  1.        ,
        0.93445224,  0.89588141,  0.97115046,  0.66774619,  0.00506227,
        0.10085556,  0.36366099,  0.93403691, -1.33151054,  1.34515178,
       -1.23340952,  1.04335737, -0.85736358,  0.66884017, -0.4958083 ,
        0.33117539, -0.18947385,  0.06963684]), array([1, 0, 0, 0], dtype=int32)]
[array([  0.00000000e+00,   1.00000000e+00,   8.77026796e-01,
         8.83543134e-01,   8.78045022e-01,   8.72335374e-01,
         8.61563504e-01,   8.67687345e-01,   8.71938348e-01,
         8.75243425e-01,   8.77501726e-01,   8.75119925e-01,
         8.78206611e-01,   5.92347145e-01,   1.32023720e-02,
         5.94654828e-02,   6.38292253e-01,   1.00000000e+00,
        -9.56052005e-01,   4.49526429e-01,  -3.54417711e-01,
         1.48793861e-01,  -1.29421353e-01,   4.20381799e-02,
        -7.50426501e-02,  -2.25160010e-02,  -2.53610704e-02,
         1.14182745e-04]), array([0, 0, 1, 0], dtype=int32)]
[array([ 0.        ,  1.        ,  0.95806962,  0.95257974,  0.95661372,
        0.95087498,  0.95630735,  0.95046502,  0.94778985,  0.94855177,
        0.94596207,  0.94908834,  0.94899166,  0.63735461,  0.00799678,
        0.09056112,  0.36988524,  0.94865209, -0.71929306,  0.25087464,
       -0.17058927,  0.05948111, -0.07393073,  0.01034182, -0.04555242,
        0.00789192, -0.02605886, -0.02782507]), array([0, 0, 1, 0], dtype=int32)]
[array([ 0.        ,  1.        ,  0.74824071,  0.76021248,  0.78803474,
        0.75787312,  0.77228445,  0.7639215 ,  0.74563652,  0.7660982 ,
        0.76065689,  0.7516526 ,  0.76980561,  0.4954232 ,  0.0575037 ,
        0.02315084,  0.62339967,  0.99698341, -0.99514574,  0.50584143,
       -0.46043611,  0.17680144, -0.13856751,  0.04386963, -0.04554458,
        0.03002489, -0.02627518,  0.0132537 ]), array([0, 0, 1, 0], dtype=int32)]
[array([ 0.        ,  1.        ,  0.82718462,  0.90212911,  0.857544  ,
        0.86019486,  0.85803801,  0.85261422,  0.86139864,  0.86182326,
        0.86509347,  0.85575509,  0.86110938,  0.47254366,  0.01516366,
        0.06383993,  0.55863285,  0.99613404, -1.03380644,  0.54593962,
       -0.39581823,  0.21343108, -0.15040456,  0.04260667, -0.07749395,
        0.0165851 , -0.04753662, -0.00866811]), array([0, 0, 1, 0], dtype=int32)]
[array([ 0.        ,  1.        ,  0.80752933,  0.90088648,  0.83988541,
        0.86423123,  0.82874495,  0.83368361,  0.8374604 ,  0.84479117,
        0.85562181,  0.84012514,  0.8499406 ,  0.48230031,  0.02495958,
        0.06704096,  0.5798322 ,  0.99533254, -1.03839278,  0.54443336,
       -0.39061162,  0.19323108, -0.1411891 ,  0.06075019, -0.10861241,
        0.03052847, -0.04316716, -0.00784025]), array([0, 0, 1, 0], dtype=int32)]
[array([ 0.        ,  1.        ,  0.94325376,  0.95243502,  0.9406321 ,
        0.93805319,  0.93220955,  0.94230151,  0.9358362 ,  0.94174027,
        0.93639141,  0.93916434,  0.93953758,  0.62317455,  0.02106645,
        0.14074942,  0.66712379,  0.55429292, -0.54511583,  0.27836731,
       -0.20958422,  0.07864501, -0.12576079,  0.07701399, -0.05532107,
        0.02633759, -0.02085406, -0.00618715]), array([0, 0, 1, 0], dtype=int32)]
[array([ 0.        ,  1.        ,  0.80491614,  0.87468493,  0.79665571,
        0.83635598,  0.81792974,  0.86167651,  0.83316708,  0.85925072,
        0.83617795,  0.84962934,  0.84298134,  0.62298399,  0.21545197,
        0.08603319,  0.6833061 ,  0.99872935, -1.00784039,  0.53016829,
       -0.40455839,  0.18702666, -0.16865571,  0.06976482, -0.0869359 ,
       -0.00894582, -0.02755491, -0.01118321]), array([0, 0, 1, 0], dtype=int32)]
[array([ 0.        ,  1.        ,  0.80907637,  0.91584843,  0.88920969,
        0.88346511,  0.93642271,  0.92362231,  0.90728748,  0.94286573,
        0.92385763,  0.92941052,  0.924752  ,  0.66635132,  0.09484196,
        0.07815981,  0.5104174 ,  0.95921695, -1.02368534,  0.68430245,
       -0.52727115,  0.28767154, -0.25819626,  0.1526293 , -0.14440815,
        0.06039798, -0.04540649,  0.00108371]), array([0, 0, 1, 0], dtype=int32)]
[array([ 0.        ,  1.        ,  0.86579514,  0.93924993,  0.91251159,
        0.90502465,  0.93808478,  0.92780286,  0.91845804,  0.93954009,
        0.92979032,  0.93496132,  0.92625761,  0.68699896,  0.06945964,
        0.06185095,  0.44038463,  0.98414797, -0.95224643,  0.53524083,
       -0.36834681,  0.1839224 , -0.16899708,  0.05137364, -0.04706477,
        0.01747721, -0.02001458, -0.01694593]), array([0, 0, 1, 0], dtype=int32)]
[array([ 0.        ,  1.        ,  0.80789262,  0.92763191,  0.88591039,
        0.87350571,  0.94879138,  0.93734848,  0.91353697,  0.94382715,
        0.92962551,  0.92543298,  0.91856629,  0.48860472,  0.09237715,
        0.10253285,  0.44483316,  0.99238098, -1.1594193 ,  0.77804893,
       -0.57942694,  0.36953595, -0.29186532,  0.18730405, -0.14504279,
        0.06761397, -0.0406514 , -0.01091179]), array([0, 0, 1, 0], dtype=int32)]
[array([  0.00000000e+00,   1.00000000e+00,   8.68598223e-01,
         8.87529552e-01,   9.03994441e-01,   9.02390718e-01,
         9.06705320e-01,   9.09901917e-01,   9.09242809e-01,
         9.07804012e-01,   9.16679263e-01,   9.18596923e-01,
         9.11801875e-01,   3.98729473e-01,   1.62093565e-02,
         1.13002233e-01,   7.31465340e-01,   6.45901620e-01,
        -6.41824067e-01,   3.10336947e-01,  -2.33896628e-01,
         5.23041859e-02,  -8.00931305e-02,   2.85751466e-02,
        -2.46053766e-02,   8.63362011e-03,  -2.10253578e-02,
        -9.41564329e-04]), array([0, 0, 1, 0], dtype=int32)]
[array([ 0.        ,  1.        ,  0.77410299,  0.8144455 ,  0.82249242,
        0.77961087,  0.8130731 ,  0.83549643,  0.82419151,  0.82457793,
        0.82958418,  0.8253001 ,  0.82216191,  0.44392431,  0.03027187,
        0.04678808,  0.45790541,  0.99828476, -1.15431952,  0.79319429,
       -0.61199635,  0.39178404, -0.32614952,  0.22307664, -0.18158101,
        0.10575484, -0.07397233, -0.0183914 ]), array([0, 0, 1, 0], dtype=int32)]
[array([ 0.        ,  1.        ,  0.8425175 ,  0.8769173 ,  0.84207493,
        0.8112433 ,  0.82574666,  0.83066636,  0.82577872,  0.82410902,
        0.8332606 ,  0.82327008,  0.82622081,  0.22794011,  0.04497247,
        0.04878539,  0.68079627,  0.98694032, -1.18878043,  0.89281124,
       -0.72010601,  0.51051617, -0.59315282,  0.31240842, -0.22496688,
        0.15451455, -0.09096291,  0.05496046]), array([0, 0, 1, 0], dtype=int32)]
[array([ 0.        ,  1.        ,  0.89706224,  0.91794717,  0.90018088,
        0.87365937,  0.88489932,  0.89215106,  0.88002807,  0.88402432,
        0.88631272,  0.88353109,  0.88753313,  0.80490041,  0.02728579,
        0.10086273,  0.62093639,  0.70653683, -0.84576535,  0.62758476,
       -0.47890756,  0.2758258 , -0.33933097,  0.25138253, -0.21111575,
        0.12904979, -0.07434049,  0.04337306]), array([0, 0, 1, 0], dtype=int32)]
[array([ 0.        ,  0.99999994,  0.84663135,  0.87692726,  0.8583402 ,
        0.85013419,  0.87215507,  0.87193131,  0.88000113,  0.88841504,
        0.88133585,  0.87826759,  0.88259763,  0.45868549,  0.00843217,
        0.06199436,  0.65333325,  1.        , -0.94361389,  0.43251464,
       -0.3054961 ,  0.10833103, -0.12958965, -0.00236415, -0.07275699,
        0.02459546, -0.02708283, -0.00764664]), array([0, 0, 1, 0], dtype=int32)]
[array([ 0.        ,  1.        ,  0.79844415,  0.83676875,  0.78579533,
        0.82101619,  0.79803091,  0.8442505 ,  0.81851661,  0.83326459,
        0.82044244,  0.82933319,  0.81485569,  0.68698418,  0.180324  ,
        0.06266318,  0.6390354 ,  0.99872935, -1.01130033,  0.52051049,
       -0.41028911,  0.18216877, -0.15356855,  0.05267194, -0.07012992,
        0.02062681, -0.02123632, -0.02568588]), array([0, 0, 1, 0], dtype=int32)]
[array([ 0.        ,  1.        ,  0.91827351,  0.91903931,  0.92630506,
        0.90311819,  0.89564794,  0.90783459,  0.9105832 ,  0.90040606,
        0.90211529,  0.9066636 ,  0.90100425,  0.45004109,  0.00963512,
        0.11781088,  0.6600343 ,  0.79506934, -0.91783822,  0.73079437,
       -0.74482101,  0.45738482, -0.32483742,  0.14808318, -0.10086291,
        0.02518395,  0.0065045 ,  0.00880211]), array([0, 0, 1, 0], dtype=int32)]
[array([ 0.        ,  1.        ,  0.75600702,  0.85140729,  0.83904511,
        0.86596215,  0.82922232,  0.84959877,  0.84404057,  0.86932892,
        0.85563523,  0.87500244,  0.84571993,  0.5605939 ,  0.10925769,
        0.08575975,  0.68150991,  1.        , -0.88981402,  0.42377263,
       -0.31183058,  0.10406446, -0.11893909,  0.02520514, -0.05223208,
       -0.02703034, -0.0245696 , -0.06543464]), array([0, 0, 1, 0], dtype=int32)]
[array([ 0.        ,  0.99999994,  0.65527439,  0.77653843,  0.76221794,
        0.7015323 ,  0.7538653 ,  0.74532712,  0.74650699,  0.75932461,
        0.75385833,  0.76264077,  0.75297606,  0.63832664,  0.08123671,
        0.04509326,  0.54332298,  1.        , -1.03253448,  0.62330759,
       -0.50912911,  0.30170649, -0.2761507 ,  0.17475112, -0.16581173,
        0.06433428, -0.06222382, -0.00312858]), array([0, 0, 1, 0], dtype=int32)]
[array([ 0.        ,  1.        ,  0.81521702,  0.86614853,  0.80286396,
        0.83916515,  0.83129716,  0.84363776,  0.83315086,  0.84129751,
        0.82884508,  0.83809054,  0.82686567,  0.74539107,  0.18880479,
        0.05099022,  0.55112034,  1.        , -1.02660751,  0.54655856,
       -0.37125552,  0.18455225, -0.1292958 ,  0.0565209 , -0.07172909,
       -0.00532096, -0.01944906, -0.02897235]), array([0, 0, 1, 0], dtype=int32)]
[array([ 0.        ,  1.        ,  0.94719905,  0.94821787,  0.93488848,
        0.91699833,  0.92085761,  0.92546761,  0.92009467,  0.92026043,
        0.92182219,  0.92053765,  0.9227373 ,  0.69800496,  0.00310656,
        0.04146782,  0.50041771,  0.88038945, -0.85117584,  0.56925929,
       -0.42618516,  0.21252245, -0.30720609,  0.21412137, -0.19041172,
        0.10193074, -0.06679806,  0.03123131]), array([0, 0, 1, 0], dtype=int32)]
[array([ 0.        ,  0.99999994,  0.73882812,  0.8403936 ,  0.78493911,
        0.77131206,  0.77307546,  0.77803147,  0.78620106,  0.77508426,
        0.78436184,  0.79092455,  0.78469765,  0.56315225,  0.08797815,
        0.05631947,  0.68752688,  1.        , -0.90136296,  0.36689073,
       -0.29504004,  0.05028448, -0.12150822,  0.02978003, -0.06135154,
        0.01265724, -0.01830078,  0.0136415 ]), array([0, 0, 1, 0], dtype=int32)]
[array([ 0.        ,  1.        ,  0.77389276,  0.79244733,  0.80936813,
        0.79469597,  0.80690223,  0.81033492,  0.80616564,  0.81116122,
        0.81046999,  0.80342937,  0.80334634,  0.38264745,  0.01883798,
        0.03961499,  0.63398457,  1.        , -0.9034397 ,  0.42738029,
       -0.33206761,  0.12789102, -0.14305864,  0.0279364 , -0.06362154,
       -0.00522524, -0.03024045, -0.03017983]), array([0, 0, 1, 0], dtype=int32)]
[array([ 0.        ,  1.        ,  0.98101872,  0.95688975,  0.93335271,
        0.91402596,  0.89992696,  0.89041197,  0.88419974,  0.8800965 ,
        0.8771503 ,  0.87480611,  0.87290007,  0.59669048,  0.09075274,
        0.00468465,  0.3523927 ,  1.        , -1.09193075,  0.52322412,
       -0.29643634,  0.12160518, -0.13279906,  0.05588058, -0.05116266,
        0.10199247, -0.03018557,  0.01335582]), array([0, 0, 1, 0], dtype=int32)]
[array([ 0.        ,  0.99999994,  0.86512172,  0.85010773,  0.83872986,
        0.83145881,  0.83120722,  0.82076877,  0.81936789,  0.82152331,
        0.8269738 ,  0.8257277 ,  0.82763559,  0.52623564,  0.0394924 ,
        0.02720087,  0.60687751,  0.97659904, -1.004691  ,  0.46111622,
       -0.39165854,  0.16334833, -0.15755127,  0.03639714, -0.04878535,
        0.05210706,  0.00692935,  0.01129345]), array([0, 0, 1, 0], dtype=int32)]
[array([ 0.        ,  1.        ,  0.99506313,  0.98764729,  0.97878551,
        0.96960634,  0.96111739,  0.95404023,  0.94872802,  0.9451769 ,
        0.94311208,  0.94211495,  0.94174963,  0.64655906,  0.04635376,
        0.00136961,  0.1710187 ,  0.91309386, -0.68477821,  0.21978769,
       -0.17197412,  0.09351823, -0.03089022,  0.02667915, -0.03661495,
        0.02698654, -0.02030189,  0.0075876 ]), array([0, 0, 1, 0], dtype=int32)]
[array([ 0.        ,  1.        ,  0.86151582,  0.86189258,  0.85206789,
        0.84313685,  0.81980264,  0.81243438,  0.79411113,  0.80457217,
        0.80379671,  0.8077479 ,  0.79963458,  0.77865201,  0.23844288,
        0.00766195,  0.3767384 ,  1.        , -1.15626514,  0.63257891,
       -0.57758689,  0.4395473 , -0.25505471,  0.19887841, -0.17415753,
        0.09796505, -0.07010061,  0.03719183]), array([0, 0, 1, 0], dtype=int32)]
[array([ 0.        ,  1.        ,  0.88780028,  0.88026088,  0.8584435 ,
        0.84742999,  0.84427387,  0.83641511,  0.82874459,  0.83236367,
        0.83316767,  0.83579594,  0.84518087,  0.31713197,  0.05146975,
        0.02095998,  0.59201026,  0.92787522, -0.91234136,  0.33080107,
       -0.3229413 ,  0.12094016, -0.12660119,  0.05597096, -0.06208702,
        0.08245087, -0.02282092,  0.0383577 ]), array([0, 0, 1, 0], dtype=int32)]
[array([ 0.        ,  1.        ,  0.96110684,  0.92826819,  0.90947527,
        0.89808786,  0.89041507,  0.88649088,  0.88460469,  0.88400078,
        0.88587683,  0.88894886,  0.89017808,  0.45925692,  0.01578646,
        0.04164273,  0.55297714,  0.89060491, -0.8915301 ,  0.48758107,
       -0.52455306,  0.29972047, -0.24660534,  0.20316981, -0.1614086 ,
        0.09300906, -0.06616139,  0.03919873]), array([0, 0, 1, 0], dtype=int32)]
[array([ 0.        ,  1.        ,  0.86581933,  0.87390518,  0.84787613,
        0.84890926,  0.83200496,  0.82727736,  0.82525921,  0.81881022,
        0.83007193,  0.82432407,  0.82778609,  0.51456857,  0.08103174,
        0.0239796 ,  0.54711628,  0.97419357, -0.98764342,  0.51300609,
       -0.59879237,  0.43014646, -0.33730641,  0.28159052, -0.1910961 ,
        0.10113541, -0.08070806,  0.01316576]), array([0, 0, 1, 0], dtype=int32)]
[array([ 0.        ,  1.        ,  0.83471662,  0.84918296,  0.84238374,
        0.83779269,  0.83897185,  0.83173901,  0.83254844,  0.83542854,
        0.83672285,  0.83768612,  0.83671206,  0.33302125,  0.02949849,
        0.05346028,  0.66622871,  0.95488721, -0.97935259,  0.64251304,
       -0.46201757,  0.28559265, -0.27094054, -0.00798742, -0.08698159,
        0.03573067,  0.00225839, -0.0325245 ]), array([0, 0, 1, 0], dtype=int32)]
[array([ 0.        ,  0.99999994,  0.89752424,  0.90731114,  0.90708148,
        0.90067464,  0.86143064,  0.86419302,  0.84517807,  0.85734153,
        0.85261214,  0.84952843,  0.8419463 ,  0.69862723,  0.10204867,
        0.02150354,  0.34212235,  1.        , -1.20651412,  0.79075056,
       -0.65012938,  0.46376717, -0.3310917 ,  0.23174594, -0.18126714,
        0.11228332, -0.06887601,  0.01811755]), array([0, 0, 1, 0], dtype=int32)]
[array([ 0.        ,  1.00000012,  0.90917242,  0.89199847,  0.88328457,
        0.86755621,  0.86346257,  0.87077403,  0.86338764,  0.86050344,
        0.8565219 ,  0.85311341,  0.85558236,  0.57934827,  0.07040957,
        0.00497299,  0.27191159,  0.99855489, -1.03742182,  0.41136765,
       -0.30299076,  0.29701281, -0.23103176,  0.15820269, -0.13283753,
        0.10044622, -0.0570565 ,  0.01298252]), array([0, 0, 1, 0], dtype=int32)]
[array([ 0.        ,  1.        ,  0.90016872,  0.89756078,  0.89272988,
        0.87778205,  0.86105788,  0.8515287 ,  0.8441335 ,  0.85499024,
        0.84901333,  0.84939301,  0.84669495,  0.44079024,  0.03826635,
        0.01116147,  0.35091481,  1.        , -1.19510972,  0.82189673,
       -0.7052905 ,  0.53116137, -0.41357949,  0.26371571, -0.19196936,
        0.12120949, -0.08654545,  0.03917627]), array([0, 0, 1, 0], dtype=int32)]
[array([  0.00000000e+00,   1.00000000e+00,   8.97856355e-01,
         8.82941365e-01,   8.86771917e-01,   8.76129150e-01,
         8.78486633e-01,   8.78303111e-01,   8.76221359e-01,
         8.80236030e-01,   8.76183689e-01,   8.73825490e-01,
         8.72473776e-01,   5.79834998e-01,   8.90289620e-03,
         2.69068610e-02,   4.97723699e-01,   1.00000000e+00,
        -1.02429640e+00,   4.38318044e-01,  -2.64608115e-01,
         1.13544576e-01,  -8.80007073e-02,   3.38758640e-02,
        -5.23890369e-02,   4.45676083e-03,  -4.76454720e-02,
        -1.74828150e-04]), array([0, 0, 1, 0], dtype=int32)]
[array([ 0.        ,  1.00000012,  0.96622312,  0.93607783,  0.91745031,
        0.91260618,  0.91608328,  0.91638464,  0.91205317,  0.91016537,
        0.91130143,  0.91043144,  0.90815932,  0.48815891,  0.00217586,
        0.01891801,  0.62756962,  1.        , -0.87464386,  0.22529599,
       -0.28466627,  0.06717198, -0.06933217,  0.05438561, -0.03745739,
        0.05554843, -0.03744147,  0.0087782 ]), array([0, 0, 1, 0], dtype=int32)]
[array([ 0.        ,  1.        ,  0.90724593,  0.92685276,  0.91601396,
        0.92914563,  0.90179336,  0.91972327,  0.90303016,  0.90086836,
        0.90454561,  0.89946324,  0.90138698,  0.55599296,  0.03698571,
        0.08792958,  0.62800515,  1.        , -0.95663399,  0.31138185,
       -0.23560254,  0.11014707, -0.09296748,  0.00932466, -0.05288107,
        0.02019658, -0.02094813, -0.0080349 ]), array([0, 0, 1, 0], dtype=int32)]
[array([ 0.        ,  1.        ,  0.78716856,  0.82433099,  0.79435909,
        0.7873913 ,  0.78869534,  0.78058302,  0.77061921,  0.78749186,
        0.7792058 ,  0.79226714,  0.78894281,  0.52029115,  0.13653514,
        0.02848162,  0.66318172,  0.99630088, -0.84207106,  0.21531804,
       -0.24755803,  0.08494414, -0.11585949,  0.03864447, -0.06350952,
        0.0214164 , -0.02798883,  0.02555028]), array([0, 0, 1, 0], dtype=int32)]
[array([ 0.        ,  1.        ,  0.95806962,  0.95257974,  0.95661372,
        0.95087498,  0.95630735,  0.95046502,  0.94778985,  0.94855177,
        0.94596207,  0.94908834,  0.94899166,  0.63735461,  0.00799678,
        0.09056112,  0.36988524,  0.94865209, -0.71929306,  0.25087464,
       -0.17058927,  0.05948111, -0.07393073,  0.01034182, -0.04555242,
        0.00789192, -0.02605886, -0.02782507]), array([0, 0, 1, 0], dtype=int32)]
[array([  0.00000000e+00,   1.00000000e+00,   9.32691276e-01,
         9.07056272e-01,   9.08431768e-01,   9.08858120e-01,
         9.06424701e-01,   9.03615177e-01,   9.01230037e-01,
         9.00636733e-01,   9.01430547e-01,   9.02896523e-01,
         9.03549492e-01,   7.24681318e-01,   1.96918962e-03,
         3.83006185e-02,   6.58362806e-01,   1.00000000e+00,
        -8.70688140e-01,   2.56400615e-01,  -2.64881790e-01,
         8.00548121e-02,  -6.92885667e-02,   8.64423229e-04,
        -4.30568382e-02,   4.16498585e-03,  -7.30586052e-03,
        -2.44643260e-03]), array([0, 0, 1, 0], dtype=int32)]
[array([ 0.        ,  1.        ,  0.97602886,  0.97457582,  0.972642  ,
        0.96523249,  0.95949727,  0.95938063,  0.95883965,  0.95675373,
        0.95377797,  0.95282018,  0.95450246,  0.43979308,  0.00117893,
        0.04512965,  0.58050019,  0.64070797, -0.60786796,  0.20800245,
       -0.17175873,  0.05408427, -0.0384017 ,  0.03420496, -0.04899113,
        0.0338064 , -0.03972921,  0.00615551]), array([0, 0, 1, 0], dtype=int32)]
[array([  0.00000000e+00,   1.00000000e+00,   8.97856355e-01,
         8.82941365e-01,   8.86771917e-01,   8.76129150e-01,
         8.78486633e-01,   8.78303111e-01,   8.76221359e-01,
         8.80236030e-01,   8.76183689e-01,   8.73825490e-01,
         8.72473776e-01,   5.79834998e-01,   8.90289620e-03,
         2.69068610e-02,   4.97723699e-01,   1.00000000e+00,
        -1.02429640e+00,   4.38318044e-01,  -2.64608115e-01,
         1.13544576e-01,  -8.80007073e-02,   3.38758640e-02,
        -5.23890369e-02,   4.45676083e-03,  -4.76454720e-02,
        -1.74828150e-04]), array([0, 0, 1, 0], dtype=int32)]
[array([ 0.        ,  1.        ,  0.83745927,  0.86107624,  0.84052587,
        0.84635395,  0.84459478,  0.83431548,  0.83495259,  0.84000117,
        0.83305955,  0.82933307,  0.82611418,  0.57956749,  0.13067651,
        0.01610802,  0.35354421,  0.99861306, -0.89357144,  0.38018727,
       -0.23901141,  0.09677661, -0.08939548,  0.00871027, -0.06265176,
        0.031258  , -0.03241567,  0.00569799]), array([0, 0, 1, 0], dtype=int32)]
[array([  0.00000000e+00,   9.99999940e-01,   8.36683333e-01,
         8.48490834e-01,   8.39012504e-01,   8.24086130e-01,
         8.25722694e-01,   8.18630338e-01,   8.17623138e-01,
         8.19309473e-01,   8.18046868e-01,   8.20426285e-01,
         8.13939869e-01,   5.79206944e-01,   1.37390986e-01,
         2.44498439e-02,   5.10100603e-01,   9.98211086e-01,
        -8.83778036e-01,   2.91976929e-01,  -2.55255789e-01,
         1.17381826e-01,  -1.20700039e-01,   4.11414504e-02,
        -4.80688773e-02,   2.95819435e-02,  -3.51013057e-02,
         1.71555119e-04]), array([0, 0, 1, 0], dtype=int32)]
[array([ 0.        ,  0.99999994,  0.87335545,  0.87732297,  0.87307191,
        0.85928923,  0.86297262,  0.8521499 ,  0.85279113,  0.85353953,
        0.85021037,  0.84625524,  0.8414923 ,  0.57756209,  0.12883949,
        0.00495025,  0.24923399,  0.99199998, -0.97394621,  0.39198998,
       -0.24422227,  0.13193308, -0.06734691,  0.05151376, -0.04942491,
        0.03829376, -0.03482102,  0.01063452]), array([0, 0, 1, 0], dtype=int32)]
[array([ 0.        ,  1.        ,  0.86550027,  0.88347   ,  0.88044572,
        0.88000941,  0.87971377,  0.87390065,  0.87434679,  0.8721962 ,
        0.87210888,  0.87483662,  0.87487262,  0.6036461 ,  0.00826069,
        0.11347955,  0.70272434,  1.        , -0.87094605,  0.31182393,
       -0.29237917,  0.08026516, -0.09589832,  0.0011482 , -0.04959324,
        0.02671809, -0.0341718 , -0.00681215]), array([0, 0, 1, 0], dtype=int32)]
[array([ 0.        ,  1.        ,  0.88338697,  0.8926608 ,  0.88371223,
        0.87247187,  0.87229037,  0.8637687 ,  0.85730112,  0.86138546,
        0.85458833,  0.85180092,  0.84685707,  0.6170516 ,  0.12187935,
        0.00388159,  0.24176298,  0.99747795, -1.0250051 ,  0.45364431,
       -0.27161664,  0.15447164, -0.10091112,  0.07688852, -0.06057252,
        0.04233062, -0.03042036,  0.0093282 ]), array([0, 0, 1, 0], dtype=int32)]
[array([ 0.        ,  0.99999994,  0.93644768,  0.92020893,  0.91723973,
        0.91223484,  0.91405088,  0.91045356,  0.91003835,  0.9068833 ,
        0.90558636,  0.90281332,  0.90130889,  0.3159368 ,  0.00772564,
        0.01063588,  0.30540419,  0.92534381, -1.08501923,  0.81039155,
       -0.84102845,  0.6171248 , -0.36053234,  0.26326919, -0.15875281,
        0.05690383, -0.0449537 ,  0.01326335]), array([0, 0, 1, 0], dtype=int32)]
[array([ 0.        ,  1.        ,  0.84293234,  0.84272939,  0.81338036,
        0.80781764,  0.80561924,  0.80073833,  0.81016284,  0.80490011,
        0.79928017,  0.80241299,  0.80581683,  0.64232522,  0.06664032,
        0.00723496,  0.42732584,  0.99857146, -1.04803705,  0.43300402,
       -0.26694366,  0.12070727, -0.13996896,  0.12698275, -0.04566583,
        0.04228629, -0.08104114,  0.00644478]), array([0, 0, 1, 0], dtype=int32)]
[array([ 0.        ,  1.        ,  0.84727043,  0.88057649,  0.87344331,
        0.90872073,  0.87561053,  0.88322467,  0.88068914,  0.87266994,
        0.8752389 ,  0.86863846,  0.8839891 ,  0.61830324,  0.01069634,
        0.06854617,  0.70626897,  1.        , -0.76995653,  0.22831623,
       -0.23902431,  0.01846365, -0.05935831, -0.00795459, -0.04784556,
        0.00190566, -0.03292408, -0.02685313]), array([0, 0, 1, 0], dtype=int32)]
[array([ 0.        ,  1.        ,  0.90335107,  0.8861472 ,  0.88005352,
        0.87953198,  0.8872785 ,  0.87302345,  0.87116796,  0.87379599,
        0.8662647 ,  0.86530036,  0.86714411,  0.25992471,  0.03353461,
        0.05228193,  0.48167968,  1.        , -1.06198156,  0.55893117,
       -0.44433516,  0.24631518, -0.21080144,  0.1290115 , -0.07802577,
        0.0434799 , -0.03408505, -0.01559843]), array([0, 0, 1, 0], dtype=int32)]
[array([ 0.        ,  0.99999994,  0.75990051,  0.80517983,  0.80447358,
        0.80735445,  0.80662704,  0.80330455,  0.80115765,  0.8000496 ,
        0.80151409,  0.80457807,  0.80178326,  0.6798895 ,  0.0423229 ,
        0.04105053,  0.60116625,  1.        , -0.99133676,  0.53452677,
       -0.43894753,  0.26213866, -0.24001358,  0.09164272, -0.07553338,
       -0.00823724, -0.0095839 , -0.03174433]), array([0, 0, 1, 0], dtype=int32)]
[array([  0.00000000e+00,   1.00000000e+00,   8.97856355e-01,
         8.82941365e-01,   8.86771917e-01,   8.76129150e-01,
         8.78486633e-01,   8.78303111e-01,   8.76221359e-01,
         8.80236030e-01,   8.76183689e-01,   8.73825490e-01,
         8.72473776e-01,   5.79834998e-01,   8.90289620e-03,
         2.69068610e-02,   4.97723699e-01,   1.00000000e+00,
        -1.02429640e+00,   4.38318044e-01,  -2.64608115e-01,
         1.13544576e-01,  -8.80007073e-02,   3.38758640e-02,
        -5.23890369e-02,   4.45676083e-03,  -4.76454720e-02,
        -1.74828150e-04]), array([0, 0, 1, 0], dtype=int32)]
[array([ 0.        ,  1.        ,  0.83026093,  0.82737064,  0.82493532,
        0.85374576,  0.82791853,  0.83722365,  0.82657158,  0.83496761,
        0.82780832,  0.84094292,  0.83369106,  0.40628803,  0.05816581,
        0.05686272,  0.71054894,  0.98919755, -0.81313175,  0.29097155,
       -0.25182942,  0.05414798, -0.11691213, -0.01170228, -0.05130933,
        0.01328126, -0.02376123, -0.0173998 ]), array([0, 0, 1, 0], dtype=int32)]
[array([ 0.        ,  0.99999994,  0.93870819,  0.89428228,  0.87931585,
        0.88536274,  0.89361089,  0.89742291,  0.90008646,  0.90056425,
        0.89963257,  0.89604861,  0.89156097,  0.50316155,  0.00276064,
        0.02984855,  0.58551359,  0.99806952, -0.98148024,  0.51705903,
       -0.60040826,  0.39175251, -0.29195249,  0.16846599, -0.08552869,
        0.01236736,  0.00635781, -0.0315584 ]), array([0, 0, 1, 0], dtype=int32)]
[array([ 0.        ,  1.        ,  0.94797075,  0.9122771 ,  0.90237141,
        0.90871191,  0.91563594,  0.91831148,  0.92035437,  0.92018849,
        0.91820657,  0.91372424,  0.90957069,  0.6012823 ,  0.00341956,
        0.03617733,  0.59049857,  0.9407295 , -0.92147958,  0.49812669,
       -0.47681382,  0.27846706, -0.20868884,  0.06792454, -0.07000852,
        0.02248764, -0.04035604, -0.00190887]), array([0, 0, 1, 0], dtype=int32)]
[array([ 0.        ,  1.        ,  0.88373828,  0.85720348,  0.86008346,
        0.84736657,  0.84538299,  0.8502754 ,  0.8520624 ,  0.84921062,
        0.84118426,  0.837538  ,  0.84044379,  0.63811368,  0.01915304,
        0.01580224,  0.35593003,  0.9916268 , -1.20517159,  0.89014322,
       -0.74063301,  0.56020451, -0.53813243,  0.32632217, -0.1488131 ,
        0.09737054, -0.0558026 ,  0.01758871]), array([0, 0, 1, 0], dtype=int32)]
[array([ 0.        ,  0.99999994,  0.8560856 ,  0.90954167,  0.91241324,
        0.86278975,  0.87609023,  0.90290451,  0.86749226,  0.86260343,
        0.87389779,  0.87917852,  0.87143409,  0.29025236,  0.01001494,
        0.0693156 ,  0.510975  ,  1.        , -0.97871184,  0.53418523,
       -0.43485835,  0.18787819, -0.13669382,  0.02616101, -0.05734962,
        0.07806572, -0.07370465,  0.00634731]), array([0, 0, 1, 0], dtype=int32)]
[array([ 0.        ,  1.        ,  0.88025904,  0.91163105,  0.88450575,
        0.88519949,  0.88201988,  0.89183104,  0.89184541,  0.8831532 ,
        0.87699997,  0.8790291 ,  0.87857926,  0.65963489,  0.02879115,
        0.0290867 ,  0.40323681,  0.85055643, -0.99720091,  0.68482238,
       -0.53698361,  0.4078247 , -0.30616793,  0.19735493, -0.12880163,
        0.04370638,  0.01407967, -0.06943998]), array([0, 0, 1, 0], dtype=int32)]
[array([ 0.        ,  0.99999994,  0.87854367,  0.87290233,  0.85529262,
        0.85197204,  0.85513502,  0.85769796,  0.85708737,  0.86360466,
        0.86779803,  0.86746734,  0.86725724,  0.31625894,  0.01566904,
        0.02603539,  0.53579897,  0.89530689, -0.97136623,  0.6768651 ,
       -0.50290567,  0.31017131, -0.3688601 ,  0.23688726, -0.1999421 ,
        0.09777137, -0.08928344,  0.01455978]), array([0, 0, 1, 0], dtype=int32)]
[array([ 0.        ,  1.        ,  0.96035403,  0.96948737,  0.9459058 ,
        0.93321836,  0.93885595,  0.93944001,  0.93246639,  0.93724263,
        0.94134766,  0.94310069,  0.94519842,  0.55460668,  0.01379731,
        0.07479581,  0.33060786,  1.        , -0.77921659,  0.38323277,
       -0.35240936,  0.24833097, -0.23447333,  0.12861891, -0.0939959 ,
        0.03715495, -0.03317363, -0.00795679]), array([0, 0, 1, 0], dtype=int32)]
[array([ 0.        ,  1.        ,  0.84727043,  0.88057649,  0.87344331,
        0.90872073,  0.87561053,  0.88322467,  0.88068914,  0.87266994,
        0.8752389 ,  0.86863846,  0.8839891 ,  0.61830324,  0.01069634,
        0.06854617,  0.70626897,  1.        , -0.76995653,  0.22831623,
       -0.23902431,  0.01846365, -0.05935831, -0.00795459, -0.04784556,
        0.00190566, -0.03292408, -0.02685313]), array([0, 0, 1, 0], dtype=int32)]
[array([ 0.        ,  1.        ,  0.79496944,  0.80071878,  0.78172487,
        0.78877157,  0.79399616,  0.80294842,  0.7958886 ,  0.79559892,
        0.79420018,  0.79789656,  0.79694301,  0.56099635,  0.07953542,
        0.030843  ,  0.60754102,  1.        , -0.99525607,  0.57513982,
       -0.47893348,  0.23476255, -0.17221485,  0.04997954, -0.08223619,
        0.02477341, -0.05995479, -0.00177907]), array([0, 0, 1, 0], dtype=int32)]
[array([  0.00000000e+00,   1.00000000e+00,   7.92183936e-01,
         7.98010290e-01,   7.75317788e-01,   7.71746099e-01,
         7.80539811e-01,   7.83415198e-01,   7.87316561e-01,
         8.00000131e-01,   8.01283777e-01,   8.02933514e-01,
         8.01572621e-01,   7.56888866e-01,   1.64261818e-01,
         3.38584930e-02,   6.36515915e-01,   1.00000000e+00,
        -1.00173986e+00,   5.75773537e-01,  -4.39738005e-01,
         2.57237196e-01,  -2.19521657e-01,  -7.28332996e-02,
         3.83001529e-02,  -2.39532478e-02,  -2.56516133e-02,
        -8.10010359e-04]), array([0, 0, 1, 0], dtype=int32)]
[array([  0.00000000e+00,   1.00000000e+00,   9.86597121e-01,
         9.91412699e-01,   9.90093052e-01,   9.91359234e-01,
         9.91075575e-01,   9.92832303e-01,   9.90725636e-01,
         9.91594732e-01,   9.91782248e-01,   9.93960142e-01,
         9.94261742e-01,   6.93304300e-01,   2.43730284e-03,
         3.51670086e-02,   2.47289568e-01,   1.09461963e-01,
        -1.47308514e-01,   1.19940706e-01,  -8.61869156e-02,
         4.74151336e-02,  -3.17994095e-02,   2.49989182e-02,
        -1.93496905e-02,   7.06952345e-03,  -3.32572032e-03,
        -5.70888515e-04]), array([0, 0, 1, 0], dtype=int32)]
[array([ 0.        ,  1.        ,  0.77977705,  0.78631216,  0.782987  ,
        0.77845949,  0.79576522,  0.80221021,  0.78981602,  0.78333241,
        0.78082484,  0.78111917,  0.7847476 ,  0.64807951,  0.09435926,
        0.04552506,  0.60141033,  1.        , -0.94730085,  0.46859267,
       -0.40557274,  0.15138756, -0.11024682,  0.05626245, -0.06844117,
        0.04711378, -0.09745838,  0.00124629]), array([0, 0, 1, 0], dtype=int32)]
[array([ 0.        ,  1.        ,  0.77556413,  0.81417865,  0.80211544,
        0.81447345,  0.80571526,  0.80541712,  0.81109345,  0.82179725,
        0.82418031,  0.82292694,  0.81892842,  0.71830028,  0.06700634,
        0.05198802,  0.62194586,  1.        , -1.04444003,  0.68213767,
       -0.51396835,  0.31187862, -0.22579582, -0.1003219 ,  0.09905349,
       -0.09184735,  0.05035428, -0.07558639]), array([0, 0, 1, 0], dtype=int32)]
[array([ 0.        ,  1.        ,  0.85332996,  0.86852926,  0.85379905,
        0.85865194,  0.8643378 ,  0.8716135 ,  0.87400424,  0.87779731,
        0.87816018,  0.87996805,  0.8766979 ,  0.39936748,  0.03539219,
        0.04644201,  0.56075078,  0.91732281, -0.96440536,  0.57883358,
       -0.42723545,  0.23120257, -0.20469081,  0.06649109, -0.06133859,
        0.00943581, -0.01301243, -0.0381989 ]), array([0, 0, 1, 0], dtype=int32)]
[array([ 0.        ,  1.        ,  0.83026093,  0.82737064,  0.82493532,
        0.85374576,  0.82791853,  0.83722365,  0.82657158,  0.83496761,
        0.82780832,  0.84094292,  0.83369106,  0.40628803,  0.05816581,
        0.05686272,  0.71054894,  0.98919755, -0.81313175,  0.29097155,
       -0.25182942,  0.05414798, -0.11691213, -0.01170228, -0.05130933,
        0.01328126, -0.02376123, -0.0173998 ]), array([0, 0, 1, 0], dtype=int32)]
[array([ 0.        ,  1.        ,  0.87680912,  0.89321989,  0.87937957,
        0.88803154,  0.87870491,  0.8792873 ,  0.87547976,  0.87699687,
        0.8723073 ,  0.87250155,  0.8724789 ,  0.63183761,  0.00913813,
        0.05144269,  0.64164329,  0.98724085, -0.93090224,  0.44106403,
       -0.41476658,  0.10654423, -0.08537616,  0.03349709, -0.03461586,
        0.00905402, -0.01618627, -0.00190078]), array([0, 0, 1, 0], dtype=int32)]
[array([  0.00000000e+00,   1.00000000e+00,   9.29141819e-01,
         8.64917755e-01,   8.97096694e-01,   8.83103549e-01,
         8.78044248e-01,   8.84403110e-01,   8.66790831e-01,
         8.80925477e-01,   8.67357671e-01,   8.80326688e-01,
         8.68573904e-01,   5.25780082e-01,   3.39290574e-02,
         5.59735037e-02,   5.20045161e-01,   1.00000000e+00,
        -1.04087424e+00,   4.77698684e-01,  -3.63940537e-01,
         1.65022120e-01,  -9.86860096e-02,   4.19027172e-02,
        -2.68530883e-02,  -6.51503331e-04,  -3.68483365e-02,
         3.49526014e-03]), array([0, 0, 1, 0], dtype=int32)]
[array([ 0.        ,  1.        ,  0.82361025,  0.85171103,  0.82698387,
        0.86735892,  0.81550556,  0.85152733,  0.80832273,  0.83686447,
        0.81254005,  0.82306349,  0.81866485,  0.41030401,  0.1228708 ,
        0.06098096,  0.64866763,  1.        , -0.9093011 ,  0.31663942,
       -0.29382044,  0.05478431, -0.06463352,  0.02682219, -0.02546087,
        0.00847074, -0.0191578 , -0.00644297]), array([0, 0, 1, 0], dtype=int32)]
[array([ 0.        ,  0.99999994,  0.82520491,  0.81795084,  0.79585063,
        0.79429573,  0.79885322,  0.8132261 ,  0.81479633,  0.8144812 ,
        0.81665891,  0.81574875,  0.81138629,  0.60586154,  0.03172033,
        0.02605393,  0.46063787,  1.        , -1.20168507,  0.96608502,
       -0.80073112,  0.59673589, -0.48283005,  0.18404263, -0.04926339,
       -0.0302554 ,  0.0536512 , -0.10742952]), array([0, 0, 1, 0], dtype=int32)]
[array([ 0.        ,  1.        ,  0.88373828,  0.85720348,  0.86008346,
        0.84736657,  0.84538299,  0.8502754 ,  0.8520624 ,  0.84921062,
        0.84118426,  0.837538  ,  0.84044379,  0.63811368,  0.01915304,
        0.01580224,  0.35593003,  0.9916268 , -1.20517159,  0.89014322,
       -0.74063301,  0.56020451, -0.53813243,  0.32632217, -0.1488131 ,
        0.09737054, -0.0558026 ,  0.01758871]), array([0, 0, 1, 0], dtype=int32)]
[array([ 0.        ,  1.        ,  0.81362331,  0.82745582,  0.80678952,
        0.81395185,  0.81387752,  0.81881744,  0.81436324,  0.81942934,
        0.81867814,  0.81457353,  0.81924045,  0.66967016,  0.05348568,
        0.04279553,  0.67142367,  1.        , -0.95491695,  0.57635427,
       -0.41979745,  0.20306744, -0.14875659, -0.15553825,  0.00709966,
       -0.00931932, -0.00371889, -0.015963  ]), array([0, 0, 1, 0], dtype=int32)]
[array([ 0.        ,  1.        ,  0.84390074,  0.85797334,  0.83809417,
        0.83579683,  0.84344846,  0.84417385,  0.83963579,  0.84274817,
        0.8423838 ,  0.84255296,  0.83774555,  0.56509602,  0.04002175,
        0.05285696,  0.61388987,  0.98216939, -0.8974942 ,  0.37502158,
       -0.4096792 ,  0.21478128, -0.1355501 ,  0.09050222, -0.08555131,
       -0.00487268, -0.01590129, -0.02871613]), array([0, 0, 1, 0], dtype=int32)]
[array([ 0.        ,  0.99999994,  0.8560856 ,  0.90954167,  0.91241324,
        0.86278975,  0.87609023,  0.90290451,  0.86749226,  0.86260343,
        0.87389779,  0.87917852,  0.87143409,  0.29025236,  0.01001494,
        0.0693156 ,  0.510975  ,  1.        , -0.97871184,  0.53418523,
       -0.43485835,  0.18787819, -0.13669382,  0.02616101, -0.05734962,
        0.07806572, -0.07370465,  0.00634731]), array([0, 0, 1, 0], dtype=int32)]
[array([ 0.        ,  1.        ,  0.89188498,  0.82635933,  0.8251    ,
        0.83741713,  0.8289488 ,  0.81646413,  0.8202582 ,  0.83000714,
        0.82929879,  0.82174736,  0.81831074,  0.53611201,  0.05697182,
        0.00339139,  0.19647829,  1.        , -1.26126075,  0.86530721,
       -0.68136358,  0.55805469, -0.3969692 ,  0.26716211, -0.19640832,
        0.10492605, -0.05788704,  0.01216626]), array([0, 0, 1, 0], dtype=int32)]
[array([ 0.        ,  1.        ,  0.832017  ,  0.80872792,  0.80408984,
        0.79072124,  0.79075193,  0.78467655,  0.78302121,  0.78263569,
        0.78045249,  0.77999324,  0.77874178,  0.49019775,  0.09924168,
        0.00628203,  0.45273879,  0.99855071, -0.90901303,  0.57095993,
       -0.38804069,  0.22586675, -0.16355705,  0.02507354, -0.33210054,
        0.22776777, -0.08282647,  0.04166361]), array([0, 0, 1, 0], dtype=int32)]
[array([  0.00000000e+00,   1.00000000e+00,   8.97877097e-01,
         8.83020401e-01,   8.86835217e-01,   8.76153886e-01,
         8.78581345e-01,   8.78302693e-01,   8.76247525e-01,
         8.80317748e-01,   8.76247764e-01,   8.73886287e-01,
         8.72497022e-01,   5.83704710e-01,   8.90055578e-03,
         2.69861147e-02,   4.97542083e-01,   1.00000000e+00,
        -1.02452242e+00,   4.38826412e-01,  -2.64970660e-01,
         1.14160985e-01,  -8.88974294e-02,   3.49194817e-02,
        -5.34556918e-02,   4.97283507e-03,  -4.76603732e-02,
        -2.77810381e-04]), array([0, 0, 1, 0], dtype=int32)]
[array([ 0.        ,  0.99999994,  0.81682926,  0.83722395,  0.83872938,
        0.83740848,  0.83712965,  0.84322774,  0.85498881,  0.85141253,
        0.84930944,  0.85070127,  0.84753358,  0.52553713,  0.0131494 ,
        0.04442025,  0.61967492,  1.        , -0.93554991,  0.41738617,
       -0.34355676,  0.15068486, -0.13791554,  0.03744258, -0.07404341,
        0.02493711, -0.03383503, -0.01841648]), array([0, 0, 1, 0], dtype=int32)]
[array([ 0.        ,  0.99999994,  0.73876739,  0.79431987,  0.7626307 ,
        0.7693063 ,  0.76670551,  0.7678194 ,  0.76801562,  0.76647502,
        0.7672205 ,  0.76802546,  0.77008408,  0.60407913,  0.08053893,
        0.01523344,  0.46106154,  1.        , -0.78753906,  0.00800822,
       -0.10986055,  0.18774872, -0.136733  ,  0.08106028, -0.08432744,
        0.06185284, -0.0595911 , -0.02566199]), array([0, 0, 1, 0], dtype=int32)]
[array([ 0.        ,  1.        ,  0.79166013,  0.74792218,  0.81336516,
        0.82624435,  0.80125588,  0.81581837,  0.83803308,  0.82195908,
        0.80245662,  0.80813277,  0.8137635 ,  0.50856835,  0.04021649,
        0.04482489,  0.55544794,  0.97539151, -0.92057317,  0.35601452,
       -0.38464683,  0.20375286, -0.07993368,  0.04430437, -0.03353122,
        0.01170972, -0.00149252, -0.0716091 ]), array([0, 0, 1, 0], dtype=int32)]
[array([ 0.        ,  1.        ,  0.85574585,  0.87950265,  0.88229942,
        0.89029038,  0.87958479,  0.87546313,  0.88406825,  0.87749201,
        0.87623703,  0.875835  ,  0.87596977,  0.56935972,  0.02294133,
        0.06871538,  0.73579258,  1.        , -0.80095929,  0.282161  ,
       -0.28466302,  0.04420585, -0.07841042,  0.00707974, -0.05284999,
        0.00737872, -0.03528967, -0.02771386]), array([0, 0, 1, 0], dtype=int32)]
[array([ 0.        ,  1.        ,  0.90669334,  0.88603479,  0.85339969,
        0.83374393,  0.84262717,  0.84264755,  0.83364576,  0.82818705,
        0.84170127,  0.85469681,  0.852934  ,  0.60872376,  0.06605124,
        0.01706925,  0.56544638,  0.92746913, -0.95018286,  0.35301584,
       -0.36129615,  0.17895375, -0.07903941,  0.09683936, -0.07574621,
        0.05707471, -0.05095825,  0.01403648]), array([0, 0, 1, 0], dtype=int32)]
[array([ 0.        ,  1.        ,  0.82361293,  0.83911598,  0.83740991,
        0.84112066,  0.84035826,  0.83325493,  0.82784754,  0.82576513,
        0.81928796,  0.820907  ,  0.8212471 ,  0.54959154,  0.0841306 ,
        0.03115224,  0.4853794 ,  0.96337581, -1.00450718,  0.39756137,
       -0.26264036,  0.1056622 , -0.04786552, -0.01034692,  0.01062688,
       -0.01089425,  0.00717805, -0.01720504]), array([0, 0, 1, 0], dtype=int32)]
[array([ 0.        ,  1.        ,  0.8517462 ,  0.78174078,  0.78654736,
        0.79351175,  0.78963739,  0.79119056,  0.79352313,  0.79180032,
        0.79152638,  0.79277271,  0.7930851 ,  0.61407757,  0.08746313,
        0.0161528 ,  0.51438588,  0.98841697, -0.80453485,  0.25209868,
       -0.17598648,  0.04765075, -0.06928291, -0.00698676, -0.05597775,
        0.00580769, -0.02424226, -0.02657059]), array([0, 0, 1, 0], dtype=int32)]
[array([ 0.        ,  1.        ,  0.92690772,  0.91986287,  0.90322196,
        0.9072907 ,  0.90021455,  0.9019171 ,  0.90072638,  0.89761639,
        0.89371389,  0.89161557,  0.89094448,  0.60165608,  0.07562922,
        0.00482765,  0.19136429,  0.93315858, -0.80375165,  0.32145208,
       -0.18802768,  0.09699007, -0.07122507,  0.04239745, -0.04253158,
        0.02806512, -0.02488609,  0.00479516]), array([0, 0, 1, 0], dtype=int32)]
[array([ 0.        ,  1.        ,  0.89991957,  0.89743352,  0.87733054,
        0.8694244 ,  0.86467069,  0.86673325,  0.86838299,  0.87202615,
        0.87461466,  0.8752197 ,  0.87387723,  0.58958191,  0.1248688 ,
        0.01756117,  0.49684626,  0.7532934 , -0.66565299,  0.21229866,
       -0.17066135,  0.06375598, -0.05619103,  0.01441769, -0.03806686,
        0.01597838, -0.0272715 , -0.00589526]), array([0, 0, 1, 0], dtype=int32)]
[array([ 0.        ,  1.        ,  0.95726264,  0.95572543,  0.93507308,
        0.93640596,  0.9175778 ,  0.91590768,  0.90998369,  0.9045797 ,
        0.90523714,  0.90518016,  0.90506297,  0.36308712,  0.04138908,
        0.00882301,  0.3950648 ,  0.74799359, -0.79538888,  0.29755715,
       -0.2807411 ,  0.21347883, -0.10035174,  0.06661777, -0.05429418,
        0.03116449, -0.02323589,  0.01515423]), array([0, 0, 1, 0], dtype=int32)]
[array([ 0.        ,  1.        ,  0.9205237 ,  0.92680681,  0.92071575,
        0.91682208,  0.91099232,  0.9104349 ,  0.90947491,  0.9101674 ,
        0.90900946,  0.90852344,  0.90674609,  0.61533839,  0.07437123,
        0.03816454,  0.47671172,  0.60757315, -0.55494672,  0.16769782,
       -0.12868914,  0.0751414 , -0.03810673,  0.02795291, -0.03030717,
        0.01705627, -0.01810602,  0.00112935]), array([0, 0, 1, 0], dtype=int32)]
[array([  0.00000000e+00,   1.00000000e+00,   8.97856355e-01,
         8.82941365e-01,   8.86771917e-01,   8.76129150e-01,
         8.78486633e-01,   8.78303111e-01,   8.76221359e-01,
         8.80236030e-01,   8.76183689e-01,   8.73825490e-01,
         8.72473776e-01,   5.79834998e-01,   8.90289620e-03,
         2.69068610e-02,   4.97723699e-01,   1.00000000e+00,
        -1.02429640e+00,   4.38318044e-01,  -2.64608115e-01,
         1.13544576e-01,  -8.80007073e-02,   3.38758640e-02,
        -5.23890369e-02,   4.45676083e-03,  -4.76454720e-02,
        -1.74828150e-04]), array([0, 0, 1, 0], dtype=int32)]
[array([ 0.        ,  1.        ,  0.9577679 ,  0.97021395,  0.97003037,
        0.96160096,  0.96546286,  0.96120059,  0.96301031,  0.96223557,
        0.95222831,  0.95540088,  0.95516247,  0.68759966,  0.01767225,
        0.05161748,  0.43233606,  0.52286583, -0.55660999,  0.2532222 ,
       -0.20055825,  0.12448406, -0.07092415,  0.04937985, -0.03749936,
        0.00784201, -0.00938196, -0.00353271]), array([0, 0, 1, 0], dtype=int32)]
[array([ 0.        ,  1.        ,  0.74167055,  0.78108943,  0.74165452,
        0.73775858,  0.76107955,  0.73587477,  0.74368113,  0.7438609 ,
        0.72603416,  0.74910659,  0.72426003,  0.55114323,  0.25501126,
        0.00754155,  0.53627282,  1.        , -0.94982702,  0.24381092,
       -0.26118267,  0.10577658, -0.04346455,  0.08272544, -0.04888155,
        0.04165406, -0.0461423 ,  0.00467524]), array([0, 0, 1, 0], dtype=int32)]
[array([ 0.        ,  1.        ,  0.97150415,  0.98461461,  0.97931892,
        0.97619706,  0.97153902,  0.9695648 ,  0.96629339,  0.96472788,
        0.96235836,  0.96144241,  0.95986104,  0.6167556 ,  0.00622546,
        0.01178092,  0.25846532,  0.73440284, -0.91997802,  0.72091413,
       -0.60417891,  0.43204346, -0.32069749,  0.22569686, -0.15785719,
        0.09128637, -0.05122541,  0.01254649]), array([0, 0, 1, 0], dtype=int32)]
[array([ 0.        ,  1.        ,  0.747141  ,  0.78110951,  0.7401104 ,
        0.73964292,  0.76261812,  0.73678094,  0.7450307 ,  0.74466866,
        0.72707397,  0.7503863 ,  0.72590458,  0.58388883,  0.25308245,
        0.00776027,  0.52749568,  1.        , -0.95886803,  0.26256311,
       -0.27426168,  0.11627484, -0.03656979,  0.07670714, -0.06012862,
        0.04309507, -0.04284547,  0.00509265]), array([0, 0, 1, 0], dtype=int32)]
[array([ 0.        ,  0.99999994,  0.85820609,  0.87967432,  0.90167302,
        0.88667631,  0.8855384 ,  0.8881138 ,  0.88595885,  0.87587315,
        0.87222421,  0.8814615 ,  0.87992144,  0.40251008,  0.03316884,
        0.03930229,  0.55832642,  0.82531196, -0.78109044,  0.25731182,
       -0.23421387,  0.11958916, -0.07237437,  0.04653585, -0.03884185,
        0.00310155, -0.01042029, -0.0328666 ]), array([0, 0, 1, 0], dtype=int32)]
[array([ 0.        ,  1.        ,  0.9275642 ,  0.91648602,  0.90243536,
        0.90602094,  0.89746451,  0.90354186,  0.91331923,  0.92142963,
        0.91887915,  0.90832579,  0.91216803,  0.72718716,  0.02374837,
        0.0474806 ,  0.52789277,  0.75947279, -0.75554621,  0.36203912,
       -0.2798335 ,  0.13998222, -0.12350903,  0.05480752, -0.04831734,
        0.01825986, -0.01647308, -0.01907654]), array([0, 1, 0, 0], dtype=int32)]
[array([ 0.        ,  1.        ,  0.96011931,  0.9268319 ,  0.93014628,
        0.93416131,  0.93280953,  0.92554122,  0.92215043,  0.91839993,
        0.92441952,  0.92254245,  0.92404795,  0.60371804,  0.05049502,
        0.13481882,  0.47850525,  0.92644483, -0.82713199,  0.37622184,
       -0.27237806,  0.09735977, -0.16955702,  0.12016254, -0.11715109,
        0.0377183 , -0.05266186,  0.01073817]), array([0, 1, 0, 0], dtype=int32)]
[array([ 0.        ,  1.        ,  0.96107411,  0.94264644,  0.95057774,
        0.94598806,  0.95478207,  0.94639009,  0.94252282,  0.94385576,
        0.9436155 ,  0.94525325,  0.94263124,  0.58711439,  0.04140159,
        0.13089678,  0.3947452 ,  0.91923076, -0.83154303,  0.38306898,
       -0.2428086 ,  0.09931874, -0.08855937,  0.03082522, -0.04911207,
       -0.01414155, -0.03452601, -0.01500288]), array([0, 1, 0, 0], dtype=int32)]
[array([ 0.        ,  1.        ,  0.91700596,  0.91957909,  0.89620614,
        0.87968218,  0.88743961,  0.88235962,  0.89532405,  0.88573492,
        0.88162249,  0.88958442,  0.88002354,  0.51783425,  0.01690724,
        0.05604849,  0.51793003,  0.97973776, -1.03036141,  0.62404484,
       -0.46935782,  0.29803884, -0.23081948,  0.14713496, -0.19456944,
        0.03011654, -0.03429827,  0.02011771]), array([0, 1, 0, 0], dtype=int32)]
[array([ 0.        ,  1.        ,  0.78291124,  0.83397967,  0.80765599,
        0.81712663,  0.76072061,  0.80278486,  0.79871333,  0.78580034,
        0.81729716,  0.79601097,  0.81226581,  0.58854979,  0.07350406,
        0.05462204,  0.55741668,  0.99608612, -1.13770807,  0.8177641 ,
       -0.66066027,  0.44079924, -0.43017748,  0.19997893, -0.1608399 ,
        0.08329292, -0.04614306,  0.01662444]), array([0, 1, 0, 0], dtype=int32)]
[array([ 0.        ,  1.        ,  0.79621601,  0.83874363,  0.79701769,
        0.8080073 ,  0.81385994,  0.81057608,  0.80802166,  0.81888646,
        0.81427276,  0.81645423,  0.8108108 ,  0.72982913,  0.07032278,
        0.04406205,  0.63124239,  1.        , -1.08800745,  0.70132017,
       -0.50514233,  0.28286558, -0.25914493,  0.01965905, -0.0578113 ,
        0.04032804, -0.03020076, -0.00917141]), array([0, 1, 0, 0], dtype=int32)]
[array([ 0.        ,  1.        ,  0.82696718,  0.79399216,  0.78743428,
        0.77719337,  0.79368061,  0.79194021,  0.77527374,  0.77950048,
        0.78920597,  0.78849214,  0.78975654,  0.56933123,  0.02181385,
        0.01960008,  0.53622854,  0.99591839, -1.34859598,  1.26213312,
       -1.16135502,  1.00453317, -0.97392088,  0.52028322, -0.3003017 ,
        0.19820212, -0.10417438,  0.05759141]), array([0, 1, 0, 0], dtype=int32)]
[array([ 0.        ,  1.        ,  0.9060846 ,  0.85209703,  0.86397815,
        0.86329389,  0.83982879,  0.84627289,  0.85767245,  0.84876657,
        0.85046196,  0.85421324,  0.84706086,  0.61974454,  0.04226169,
        0.01155301,  0.3437601 ,  1.        , -0.87734854,  0.44128191,
       -0.27075899, -0.0298513 , -0.04381398,  0.10326027, -0.1075545 ,
        0.10358603, -0.08706726,  0.02151919]), array([0, 1, 0, 0], dtype=int32)]
[array([ 0.        ,  1.        ,  0.87592953,  0.89777732,  0.90270734,
        0.89779896,  0.89425063,  0.88854802,  0.89181656,  0.90388954,
        0.90530598,  0.89648604,  0.89383554,  0.64679855,  0.03131195,
        0.07046285,  0.57741541,  0.96763754, -1.00733316,  0.47670823,
       -0.31628293,  0.14614666, -0.1339604 ,  0.04644256, -0.0543372 ,
       -0.00249314, -0.01581156, -0.01685536]), array([0, 1, 0, 0], dtype=int32)]
[array([ 0.        ,  0.99999994,  0.78931552,  0.82727838,  0.79489994,
        0.80067933,  0.79262513,  0.8044374 ,  0.79675251,  0.81084752,
        0.81668544,  0.80232769,  0.81425899,  0.55834609,  0.09234402,
        0.04215982,  0.59484178,  1.        , -1.08864689,  0.66423362,
       -0.46168372,  0.23979963, -0.21145934,  0.02871971, -0.07014544,
        0.03395831, -0.03611727, -0.00153823]), array([0, 1, 0, 0], dtype=int32)]
[array([ 0.        ,  1.        ,  0.86400688,  0.87131578,  0.90092272,
        0.88095218,  0.85705972,  0.87416643,  0.89252657,  0.89095366,
        0.8901633 ,  0.8913275 ,  0.88750494,  0.67047256,  0.0737303 ,
        0.13495949,  0.50353718,  1.        , -0.89932054,  0.47775331,
       -0.28886172,  0.12643087, -0.09822188,  0.02089996, -0.03204942,
       -0.03006168,  0.0046897 , -0.1146682 ]), array([0, 1, 0, 0], dtype=int32)]
[array([  0.00000000e+00,   1.00000000e+00,   7.70897210e-01,
         7.69281685e-01,   7.89000034e-01,   7.50114560e-01,
         7.59920120e-01,   7.75526881e-01,   7.61805773e-01,
         7.69123495e-01,   7.75632679e-01,   7.65808702e-01,
         7.71797180e-01,   3.71415436e-01,   5.95883988e-02,
         2.86127925e-02,   6.23333097e-01,   9.93865013e-01,
        -1.07997990e+00,   7.05085695e-01,  -5.14260769e-01,
         2.98868179e-01,  -3.79594266e-01,   1.56131506e-01,
        -9.52518359e-02,   5.67131154e-02,  -5.12322262e-02,
        -4.43654339e-04]), array([0, 1, 0, 0], dtype=int32)]
[array([  0.00000000e+00,   1.00000000e+00,   7.71990299e-01,
         8.19748700e-01,   7.63775170e-01,   8.12359631e-01,
         7.95904040e-01,   8.15440357e-01,   7.98861325e-01,
         7.91964233e-01,   8.18100154e-01,   7.93749452e-01,
         8.07218313e-01,   6.19011283e-01,   1.25691116e-01,
         3.58777940e-02,   5.73293626e-01,   9.63265300e-01,
        -9.26519573e-01,   3.69025558e-01,  -2.77911663e-01,
         9.39738676e-02,  -4.63808961e-02,   2.45605037e-02,
        -7.32188895e-02,   3.37990699e-03,   8.26951698e-04,
        -4.08042148e-02]), array([0, 1, 0, 0], dtype=int32)]
[array([ 0.        ,  1.        ,  0.91385251,  0.90297741,  0.89554501,
        0.88813287,  0.90318924,  0.90098041,  0.88724494,  0.89727718,
        0.89534581,  0.89384997,  0.89766574,  0.62101775,  0.02280174,
        0.02852293,  0.40406647,  0.99206346, -0.91968185,  0.59533459,
       -0.41198909,  0.25642681, -0.19345385,  0.12196415, -0.15852748,
        0.0239934 , -0.05587152, -0.0063123 ]), array([0, 1, 0, 0], dtype=int32)]
[array([ 0.        ,  1.        ,  0.82410926,  0.82525933,  0.82940906,
        0.83529466,  0.80847043,  0.81322885,  0.81638199,  0.81531984,
        0.81471282,  0.81710094,  0.81635934,  0.4775435 ,  0.10064146,
        0.07003398,  0.62482035,  0.97806215, -1.0070492 ,  0.53445983,
       -0.47343057,  0.19239129, -0.1374834 ,  0.07159146, -0.06248245,
        0.04860005, -0.06443171,  0.0091084 ]), array([0, 1, 0, 0], dtype=int32)]
[array([ 0.        ,  1.        ,  0.84840012,  0.85710609,  0.85235721,
        0.8425076 ,  0.84652174,  0.85396147,  0.84871495,  0.85636252,
        0.84948522,  0.84977806,  0.84864736,  0.68270034,  0.06545871,
        0.05667081,  0.49081001,  1.        , -1.06818438,  0.59755629,
       -0.37863508,  0.17675345, -0.14264719,  0.04727536, -0.04498485,
       -0.00325615, -0.01211379, -0.05787224]), array([0, 1, 0, 0], dtype=int32)]
[array([ 0.        ,  1.        ,  0.8803224 ,  0.83537799,  0.85643047,
        0.84427589,  0.83751225,  0.832331  ,  0.83960795,  0.82945949,
        0.82707459,  0.82631087,  0.82816273,  0.41435638,  0.10661379,
        0.08674871,  0.59443039,  0.95991093, -0.99914426,  0.53746367,
       -0.51631582,  0.23203437, -0.12805717,  0.06050624, -0.03764707,
        0.03276274, -0.05523212,  0.01506797]), array([0, 1, 0, 0], dtype=int32)]
[array([ 0.        ,  1.        ,  0.86488092,  0.91942382,  0.87389797,
        0.82007933,  0.83720154,  0.8693921 ,  0.82225794,  0.87277204,
        0.86191219,  0.8592279 ,  0.87249261,  0.54011738,  0.04720066,
        0.06771452,  0.69561189,  0.87671232, -1.09971547,  0.85202676,
       -0.59776807,  0.05749654, -0.22566998,  0.33229309, -0.28456637,
        0.25570223, -0.12743856,  0.03337949]), array([0, 1, 0, 0], dtype=int32)]
[array([ 0.        ,  1.        ,  0.86538303,  0.88004607,  0.87110966,
        0.86786246,  0.84993857,  0.86221403,  0.85881603,  0.8577984 ,
        0.86236858,  0.86507177,  0.8592791 ,  0.48461276,  0.04315309,
        0.08971945,  0.67771977,  0.86979169, -0.89374858,  0.50972188,
       -0.49588892,  0.18200569, -0.1822302 ,  0.15904829, -0.10481371,
        0.0644326 , -0.04348641,  0.00262192]), array([0, 1, 0, 0], dtype=int32)]
[array([ 0.        ,  1.        ,  0.8632893 ,  0.9064799 ,  0.83641857,
        0.81945103,  0.84751815,  0.84778124,  0.83787823,  0.88204169,
        0.84081835,  0.87537104,  0.85247618,  0.66775352,  0.05217988,
        0.07311377,  0.67742687,  0.95454544, -1.20021999,  0.98682761,
       -0.79943025,  0.59853536, -0.47973478,  0.36644721, -0.36016762,
        0.12613522, -0.17118335,  0.05928598]), array([0, 1, 0, 0], dtype=int32)]
[array([ 0.        ,  1.        ,  0.87271416,  0.87815177,  0.86941075,
        0.85192174,  0.85079795,  0.85590672,  0.85653603,  0.85366112,
        0.86068755,  0.86329186,  0.85929233,  0.37765428,  0.04967783,
        0.01042483,  0.43769524,  0.5786925 , -0.74971181,  0.58809859,
       -0.35367349,  0.02509655, -0.2111896 ,  0.34487128, -0.34976643,
        0.27039495, -0.13203488,  0.05442228]), array([0, 1, 0, 0], dtype=int32)]
[array([ 0.        ,  1.        ,  0.84438002,  0.84242988,  0.84624773,
        0.82878494,  0.8257162 ,  0.82593232,  0.82488322,  0.82422841,
        0.83207148,  0.8315261 ,  0.83760118,  0.53102684,  0.19982313,
        0.05483835,  0.5535205 ,  0.99391478, -1.01344955,  0.60200942,
       -0.45122901,  0.25712836, -0.22765777,  0.1265378 , -0.11006011,
        0.03446759, -0.09659282,  0.00288399]), array([0, 1, 0, 0], dtype=int32)]
[array([ 0.        ,  0.99999994,  0.89396602,  0.8999365 ,  0.89071244,
        0.88094503,  0.87901056,  0.89053416,  0.87903064,  0.87282807,
        0.88984644,  0.87414819,  0.88676345,  0.69796771,  0.03029029,
        0.05647248,  0.53973466,  0.98818898, -0.92158306,  0.4669255 ,
       -0.38329446,  0.18301117, -0.20920369,  0.11085422, -0.10844089,
        0.05564403, -0.0359407 , -0.00497014]), array([0, 1, 0, 0], dtype=int32)]
[array([ 0.        ,  1.        ,  0.94955474,  0.94805652,  0.94364941,
        0.92997938,  0.92162418,  0.92297143,  0.92252374,  0.92844516,
        0.932307  ,  0.92914021,  0.92964578,  0.66354197,  0.01295836,
        0.0550705 ,  0.44218674,  0.7570281 , -0.70951664,  0.41018733,
       -0.33509457,  0.19802447, -0.20725566,  0.13424705, -0.1228921 ,
        0.06109783, -0.04523048, -0.00666714]), array([0, 1, 0, 0], dtype=int32)]
[array([ 0.        ,  1.        ,  0.77121925,  0.8141287 ,  0.80031365,
        0.77870381,  0.79605234,  0.79287374,  0.78895301,  0.81059277,
        0.79314882,  0.80161667,  0.79613352,  0.75133711,  0.06608939,
        0.04330764,  0.64161253,  1.        , -1.0222019 ,  0.59459597,
       -0.41494831,  0.19801804, -0.17071638,  0.0302233 , -0.07864632,
        0.00541646, -0.03267881, -0.0294379 ]), array([0, 1, 0, 0], dtype=int32)]
[array([  0.00000000e+00,   1.00000000e+00,   7.70897210e-01,
         7.69281685e-01,   7.89000034e-01,   7.50114560e-01,
         7.59920120e-01,   7.75526881e-01,   7.61805773e-01,
         7.69123495e-01,   7.75632679e-01,   7.65808702e-01,
         7.71797180e-01,   3.71415436e-01,   5.95883988e-02,
         2.86127925e-02,   6.23333097e-01,   9.93865013e-01,
        -1.07997990e+00,   7.05085695e-01,  -5.14260769e-01,
         2.98868179e-01,  -3.79594266e-01,   1.56131506e-01,
        -9.52518359e-02,   5.67131154e-02,  -5.12322262e-02,
        -4.43654339e-04]), array([0, 1, 0, 0], dtype=int32)]
[array([ 0.        ,  1.        ,  0.9491927 ,  0.95640981,  0.9276796 ,
        0.91089463,  0.92921919,  0.91836637,  0.91139799,  0.92430389,
        0.92458528,  0.91465294,  0.91816211,  0.60775763,  0.0055183 ,
        0.05519201,  0.5180313 ,  0.84042555, -1.00053144,  0.69852757,
       -0.52530462,  0.3450315 , -0.26272067,  0.14480938, -0.21726574,
        0.13181905, -0.08605223,  0.02922634]), array([0, 1, 0, 0], dtype=int32)]
[array([ 0.        ,  1.        ,  0.95978683,  0.95382953,  0.95330918,
        0.95332557,  0.94997633,  0.94672847,  0.95022249,  0.94731587,
        0.94200939,  0.94277227,  0.93909699,  0.578848  ,  0.00432889,
        0.07037731,  0.44602075,  0.92114693, -1.14579821,  0.92581689,
       -0.746171  ,  0.41166139, -0.27033132,  0.11423404, -0.03621254,
       -0.02193939,  0.03216495, -0.03682133]), array([0, 1, 0, 0], dtype=int32)]
[array([ 0.        ,  1.        ,  0.84865844,  0.85481805,  0.85042691,
        0.84134835,  0.84138608,  0.84948456,  0.85128355,  0.85023797,
        0.84634894,  0.84676635,  0.83941299,  0.48544708,  0.01912119,
        0.03518632,  0.47790727,  1.        , -1.08355367,  0.59817171,
       -0.40593731,  0.26739353, -0.20095021,  0.09319684, -0.09193413,
        0.00547258, -0.01761814, -0.03347212]), array([0, 1, 0, 0], dtype=int32)]
[array([ 0.        ,  1.        ,  0.91385251,  0.90297741,  0.89554501,
        0.88813287,  0.90318924,  0.90098041,  0.88724494,  0.89727718,
        0.89534581,  0.89384997,  0.89766574,  0.62101775,  0.02280174,
        0.02852293,  0.40406647,  0.99206346, -0.91968185,  0.59533459,
       -0.41198909,  0.25642681, -0.19345385,  0.12196415, -0.15852748,
        0.0239934 , -0.05587152, -0.0063123 ]), array([0, 1, 0, 0], dtype=int32)]
[array([ 0.        ,  0.99999994,  0.87109691,  0.85933125,  0.87272102,
        0.8821153 ,  0.87326795,  0.85551465,  0.87470222,  0.88168174,
        0.8717317 ,  0.87953353,  0.88363642,  0.65939814,  0.02684286,
        0.04105475,  0.44863474,  1.        , -0.84580714,  0.34552845,
       -0.28384352,  0.11473685, -0.11417389,  0.05366992, -0.0659497 ,
        0.01306649, -0.03005433, -0.02321577]), array([0, 1, 0, 0], dtype=int32)]
[array([  0.00000000e+00,   1.00000000e+00,   8.43249798e-01,
         8.58449578e-01,   8.43001127e-01,   8.25905442e-01,
         8.55125904e-01,   8.63079250e-01,   8.62910450e-01,
         8.79798532e-01,   8.75762582e-01,   8.73721063e-01,
         8.79983783e-01,   5.30358315e-01,   2.97722369e-02,
         7.38259554e-02,   6.29980922e-01,   1.00000000e+00,
        -1.09259689e+00,   6.74994171e-01,  -5.06594419e-01,
         2.86086679e-01,  -2.46136844e-01,   1.06274366e-01,
        -1.26235828e-01,   3.39145064e-02,  -4.43619452e-02,
        -5.60481043e-04]), array([0, 1, 0, 0], dtype=int32)]
[array([ 0.        ,  1.        ,  0.84840012,  0.85710609,  0.85235721,
        0.8425076 ,  0.84652174,  0.85396147,  0.84871495,  0.85636252,
        0.84948522,  0.84977806,  0.84864736,  0.68270034,  0.06545871,
        0.05667081,  0.49081001,  1.        , -1.06818438,  0.59755629,
       -0.37863508,  0.17675345, -0.14264719,  0.04727536, -0.04498485,
       -0.00325615, -0.01211379, -0.05787224]), array([0, 1, 0, 0], dtype=int32)]
[array([ 0.        ,  0.99999994,  0.91492754,  0.91408581,  0.91324592,
        0.92907631,  0.91691625,  0.9055047 ,  0.91523826,  0.90788925,
        0.90535659,  0.91455287,  0.91312069,  0.25855362,  0.00560932,
        0.03915744,  0.45786697,  0.99548531, -1.25672734,  1.07025695,
       -0.87278736,  0.45770359, -0.33104262,  0.25858596, -0.21158217,
        0.15975761, -0.10911962,  0.00872877]), array([0, 1, 0, 0], dtype=int32)]
[array([ 0.        ,  0.99999994,  0.93604124,  0.92111582,  0.89014685,
        0.88226473,  0.88062489,  0.87994611,  0.87751192,  0.89296627,
        0.89697999,  0.89710575,  0.8876633 ,  0.3033399 ,  0.07990731,
        0.08926572,  0.52555335,  0.94772118, -1.0838846 ,  0.74231356,
       -0.54018104,  0.34104854, -0.25047019,  0.10745289, -0.12619157,
        0.07619604, -0.08704581, -0.00463715]), array([0, 1, 0, 0], dtype=int32)]
[array([ 0.        ,  1.        ,  0.86187398,  0.91237438,  0.88823366,
        0.8823877 ,  0.89955562,  0.91477168,  0.93738341,  0.92210978,
        0.91640162,  0.92842209,  0.91410673,  0.57367855,  0.03457928,
        0.06937788,  0.52995694,  0.99777281, -1.07642722,  0.5665735 ,
       -0.48466119,  0.29861218, -0.19765817,  0.10156615, -0.05592605,
        0.01957001, -0.02545532, -0.00817698]), array([0, 1, 0, 0], dtype=int32)]
[array([ 0.        ,  1.00000012,  0.88141221,  0.9206537 ,  0.90360045,
        0.90628052,  0.91095573,  0.89605701,  0.93000025,  0.91102946,
        0.92046249,  0.92929608,  0.92913991,  0.61537719,  0.01893563,
        0.06429725,  0.47405741,  0.97478992, -1.04903758,  0.56493217,
       -0.35244599,  0.18554516, -0.13522238,  0.06766145, -0.05444469,
        0.02140219, -0.01641333, -0.03818692]), array([0, 1, 0, 0], dtype=int32)]
[array([ 0.        ,  1.        ,  0.90575141,  0.93273032,  0.88721001,
        0.88375092,  0.87940258,  0.87074906,  0.87252808,  0.87600648,
        0.89556348,  0.89098018,  0.89867675,  0.36378205,  0.05026817,
        0.06042093,  0.33475667,  1.        , -1.1958847 ,  0.9162764 ,
       -0.74512011,  0.55166149, -0.4619033 ,  0.32455993, -0.24452364,
        0.14719367, -0.09227809,  0.00863659]), array([0, 1, 0, 0], dtype=int32)]
[array([ 0.        ,  0.96066052,  0.92128676,  0.99220228,  1.        ,
        0.98522174,  0.96377438,  0.99110901,  0.99026436,  0.9737581 ,
        0.97557062,  0.98924446,  0.97422743,  0.56338322,  0.05572847,
        0.14275511,  0.56333309,  0.71201158, -0.78784764,  0.40205407,
       -0.30851468,  0.1584302 , -0.10584883,  0.06006423, -0.04536214,
        0.02752654, -0.02032621, -0.0063346 ]), array([0, 1, 0, 0], dtype=int32)]
[array([ 0.        ,  1.        ,  0.79905331,  0.82009053,  0.80147851,
        0.81292695,  0.82159406,  0.80587292,  0.82658321,  0.81067514,
        0.81151456,  0.82905632,  0.82563776,  0.38683751,  0.03180401,
        0.0422773 ,  0.48456216,  0.9924953 , -1.18841696,  0.94000685,
       -0.80824572,  0.60544461, -0.50315809,  0.34583887, -0.27786085,
        0.1639992 , -0.11036264,  0.01135809]), array([0, 1, 0, 0], dtype=int32)]
[array([ 0.        ,  1.        ,  0.93550527,  0.92057997,  0.91864043,
        0.9108398 ,  0.92255491,  0.90711701,  0.93624151,  0.91382152,
        0.92883933,  0.9190014 ,  0.92513829,  0.55264169,  0.02116061,
        0.11587347,  0.50940698,  1.        , -1.10062599,  0.63431692,
       -0.52020782,  0.34747085, -0.23256734,  0.14508028, -0.10608844,
        0.03348365, -0.03311241, -0.02379724]), array([0, 1, 0, 0], dtype=int32)]
[array([ 0.        ,  0.99999988,  0.99999982,  0.99999994,  0.99999982,
        0.99999988,  0.99999988,  0.99999982,  0.99999982,  0.99999988,
        0.99999988,  0.99999988,  0.99999982, -1.        ,  0.        ,
        0.        ,  0.        ,  0.        ,  0.        ,  0.        ,
        0.        ,  0.        ,  0.        ,  0.        ,  0.        ,
        0.        ,  0.        ,  0.        ]), array([0, 0, 0, 1], dtype=int32)]
[array([  0.00000000e+00,   9.99999881e-01,   9.99999821e-01,
         9.99999940e-01,   9.99999821e-01,   9.99999881e-01,
         9.99999881e-01,   9.99999821e-01,   9.99999821e-01,
         9.99999881e-01,   9.99999881e-01,   9.99999881e-01,
         9.99999821e-01,   5.72941840e-01,   7.61875071e-06,
         3.33557501e-02,   7.84492254e-01,   0.00000000e+00,
         0.00000000e+00,   0.00000000e+00,   0.00000000e+00,
         0.00000000e+00,   0.00000000e+00,   0.00000000e+00,
         0.00000000e+00,   0.00000000e+00,   0.00000000e+00,
         0.00000000e+00]), array([0, 0, 0, 1], dtype=int32)]
